Column1,Column2,Column3
0.7820986588877646,0.0834378793365215,0.1344634617757164
0.3981481447240897,0.4774057023081391,0.12444615296777127
0.44189771861136234,0.3801083201750995,0.17799396121353836
0.854362700460378,1.6685200413119793e-16,0.14563729953962176
0.40630846698577366,0.33688175917249485,0.2568097738417315
0.762663253696781,3.151411657369179e-18,0.23733674630322013
0.8344287243741518,0.01467261394559979,0.15089866168024837
0.7833948050653822,0.13683001664695676,0.0797751782876615
0.4504921298645963,0.39745625871699625,0.15205161141840748
0.5163464622436412,0.3787214455011788,0.10493209225517976
0.2994811950268106,0.49246686789394706,0.20805193707924252
0.5654066513174346,0.3509368993456668,0.0836564493368986
0.7416654424497022,0.10971925128079295,0.14861530626950514
0.8743418839952288,0.024969479628175018,0.1006886363766679
0.5279896776661942,0.29757847027943696,0.17443185205436884
0.39659929315753273,0.40872909767785437,0.19467160916461287
0.9175299713941698,0.0,0.08247002860583007
0.5773732310676836,0.29434124926319594,0.1282855196691204
0.5732100104504386,0.36009870332792243,0.06669128622163893
0.4053096288836647,0.3812054278813,0.21348494323503522
0.4766493358808462,0.4352137462242479,0.08813691789490595
0.7368285877486167,0.09503347871393342,0.16813793353745002
0.5186266296391792,0.3411010483781742,0.1402723219826467
0.7592369035011662,0.11373766537671244,0.1270254311221215
0.6539631462698161,0.24028457118155624,0.10575228254862852
0.8219995805031104,1.8619428045087386e-18,0.17800041949688966
0.610464227350924,0.29567933060755075,0.0938564420415257
0.8293078014412425,2.7976732266802896e-17,0.17069219855875745
0.7375864061611738,0.17241814693984764,0.08999544689897862
0.505961227681467,0.3704066149103342,0.12363215740819872
0.8156003234849445,0.07837521191915066,0.10602446459591068
0.3644830903287695,0.588113770890025,0.04740313878120542
0.7429413858406109,0.11279243540692724,0.14426617875246175
0.5163984432549441,0.4312068373905926,0.05239471935446806
0.5990113931037819,0.2174141532976166,0.18357445359860167
0.8450111738816116,0.021887784817727445,0.13310104130066097
0.6038410964470313,0.2720275021185526,0.124131401434416
0.7876948853431611,0.16085752778077705,0.05144758687606197
0.5753152984180512,0.3920993490618933,0.03258535252005581
0.8147861988543409,0.06383627079621304,0.12137753034944612
0.830763973568817,0.00813730353043778,0.1610987229007455
0.5592606704660985,0.3920403625649152,0.04869896696898623
0.37947145931388954,0.4841754978532642,0.1363530428328463
0.47679722586418133,0.43095240455447525,0.09225036958134344
0.5355250989149646,0.36112927401070666,0.10334562707432877
0.6598807174008724,0.20020439394658632,0.13991488865254142
0.43865773218118825,0.39270539093214735,0.16863687688666432
0.4479335505661498,0.3751343298437112,0.17693211959013896
0.7943037131781113,4.7715275105312575e-17,0.20569628682188876
0.6431637350881514,0.27444959804087915,0.08238666687097229
0.6645352254159929,0.28708930453054543,0.04837547005346164
0.7761062096576641,0.08983336086604701,0.13406042947629174
0.4800073334428398,0.4171291928509716,0.1028634737061939
0.7218581079399047,0.16926959505683792,0.10887229700341637
0.453687999439937,0.47686764221917904,0.06944435834088401
0.5174276229694991,0.3844563575608287,0.098116019469672
0.510521206567907,0.233534559438508,0.25594423399358485
0.8057822496613014,9.912813634604134e-19,0.19421775033869865
0.25916532765973616,0.6720508690979975,0.06878380324226639
0.6892444935684257,0.2386981036160725,0.07205740283088344
0.4001456038341641,0.38770565655857164,0.21214873960726424
0.2157812021048513,0.6393697479523892,0.14484904994276088
0.8477526044006024,0.055230056044958634,0.09701733955444418
0.4069621286419021,0.4453885708372238,0.14764930052087402
0.6614432197625864,0.2572884367804619,0.08126834345695173
0.5067931320355065,0.32977970337386,0.16342716459063372
0.293920979468444,0.6184305485075529,0.08764847202418102
0.5914490478246416,0.3159398619312704,0.09261109024408805
0.7729203670856016,0.17447363541289154,0.05260599750150694
0.7166531611590685,0.1828641394293712,0.10048269941165643
0.8960074128660893,2.0235154066930494e-16,0.1039925871339104
0.46529982478801446,0.43107739363045855,0.10362278158152699
0.3698626559493431,0.5783386067028458,0.051798737347811034
0.4140635973193094,0.3975703724657571,0.18836603021493345
0.8519746989822519,0.0,0.14802530101774833
0.46745325101597135,0.3525466894945665,0.18000005948946207
0.6679066354520703,0.2701574817517634,0.06193588279640165
0.44821577894589004,0.4753839840146094,0.07640023703950044
0.45394206248273167,0.4587377509080681,0.08732018660920014
0.46118120214947594,0.42291108929042076,0.1159077085601033
0.8862048170939439,9.147841197512125e-16,0.11379518290605622
0.6339601598843756,0.28787220428621363,0.07816763582941083
0.8223246829765227,8.030293639814536e-16,0.17767531702347664
0.5243253599056901,0.32285807742519673,0.15281656266911323
0.6812294241984618,0.19552907177740747,0.12324150402413074
0.4639038023353142,0.40828559444622503,0.12781060321846083
0.396458512274589,0.4225887198118366,0.18095276791357445
0.4152571763568207,0.5066385887211007,0.07810423492207862
0.4346704253912863,0.4162603686983823,0.14906920591033146
0.32016228817520415,0.5311448470121635,0.14869286481264704
0.6147457589145151,0.21464365326111842,0.1706105878243891
0.8328983242136289,0.10656054844040821,0.060541127345963015
0.6382028534074775,0.3050445254717761,0.05675262112209821
0.4154004212014008,0.33611366798487696,0.24848591081372226
0.45839520426217145,0.4007732158274389,0.1408315799103897
0.47376620560098187,0.4565583046074005,0.0696754897916179
0.7620434585671055,2.945993509490773e-17,0.23795654143289466
0.8235007851116966,4.386558973420621e-19,0.17649921488830347
0.7681200849411629,0.14334738127264546,0.08853253378619165
0.5125308421201739,0.3423173751304406,0.1451517827493857
0.7542249782061236,0.0,0.24577502179387647
0.7870500146527488,0.08387069947876018,0.12907928586849138
0.8300835448393524,1.3992550339408608e-18,0.1699164551606479
0.8569374532756022,3.423714210084948e-17,0.143062546724398
0.5457978365024331,0.4051480580505564,0.0490541054470104
0.515369360576794,0.35514097522954735,0.12948966419365876
0.5112512169754263,0.35360703574567975,0.13514174727889405
0.7919700453412527,2.1426725723760722e-17,0.20802995465874735
0.5435004142087094,0.4017083195414219,0.054791266250078866
0.5657456071781897,0.32047619655364135,0.11377819626816899
0.46438301602706544,0.4257439825965532,0.10987300137638138
0.23590486489233375,0.6867638645438278,0.07733127137967863
0.699602922526781,0.2106748347781777,0.08972224269504354
0.830450924075153,1.8799142363166214e-17,0.16954907592484708
0.5050606290554864,0.42004531006724444,0.07489406087726909
0.8464847173596242,0.0,0.15351528264037592
0.53922243329843,0.419610045041352,0.04116752166021792
0.5058948988991424,0.4255903756212348,0.0685147254796239
0.8680427884357996,7.266069508534429e-17,0.1319572115642003
0.5214004576385735,0.4186071688141032,0.05999237354732513
0.5776462297785704,0.2713335092072064,0.15102026101422347
0.41527425965781645,0.4743745793036749,0.11035116103850871
0.8029217336662456,0.03208062837948947,0.16499763795426498
0.640054742325195,0.30163343229413014,0.05831182538067482
0.44051255612599366,0.3458889356616463,0.21359850821236004
0.8224814771765585,0.09288680427239954,0.08463171855104318
0.5261911341692158,0.4196030809769508,0.05420578485383339
0.4300673760408279,0.39803251207317103,0.17190011188600104
0.7769228889308476,4.3874291570385327e-17,0.2230771110691525
0.24964716211891522,0.6595940092629151,0.09075882911899315
0.7630270226723203,0.14664383464931927,0.09032914267836042
0.664595476553038,0.2902572301555034,0.04514729329145862
0.523632537514551,0.3972111517982065,0.07915631068724252
0.5688322735724284,0.35845786871183105,0.07270985771574053
0.5051425100375095,0.4183007482040971,0.07655674175839353
0.4680906964359041,0.44239331134186727,0.0895159922222287
0.8288106899218873,1.2311907544327042e-17,0.1711893100781128
0.8545650454033835,2.579810645557271e-17,0.14543495459661654
0.8062381444584136,0.048665672744598605,0.145096182796989
0.4385693148178213,0.3703685706940984,0.1910621144880803
0.6898044631072424,0.23475055410157683,0.07544498279119269
0.5722900048139082,0.32823257364772157,0.09947742153837023
0.5030606896978094,0.2885227940420932,0.20841651626009755
0.572215062632303,0.21256263047908525,0.21522230688861188
0.8343754788457608,0.039568523794518425,0.1260559973597208
0.6476583886346591,0.26624644372643186,0.08609516763891244
0.470259678316497,0.40316780271021757,0.12657251897328559
0.509621469000735,0.39887371247739517,0.09150481852186973
0.4911340993809699,0.295641592159673,0.21322430845935705
0.6204748150581147,0.19659839053969175,0.18292679440219412
0.7494605315039841,0.18211676780027547,0.06842270069574041
0.4912861774661292,0.38049863571402764,0.12821518681984317
0.48978992373410185,0.42693001192233865,0.08328006434355943
0.4660244364549612,0.3947679132561889,0.13920765028885
0.7800764659448033,0.1381862849015484,0.08173724915365645
0.8116110408375932,2.636779683484747e-16,0.1883889591624065
0.7752816721081712,5.551115123125783e-17,0.2247183278918287
0.7583771356001593,0.12972404844192434,0.11189881595791674
0.733732472225887,0.15393019446833495,0.11233733330577812
0.6678942621263205,0.1562530447581287,0.17585269311555066
0.8020913878520819,0.10726107840694755,0.09064753374097065
0.4135983150000657,0.3490110593498225,0.23739062565011182
0.3570841024734405,0.5464148895117082,0.09650100801485131
0.7597515505693329,0.09656607619743195,0.14368237323339839
0.5409826793226048,0.33557135170396984,0.12344596897342532
0.4218573787526842,0.3813763117982623,0.1967663094490534
0.8426982347663898,5.585135429116194e-10,0.15730176470484164
0.2664589082239026,0.5933114338341071,0.14022965794199152
0.7721813450764501,0.17947453114909953,0.0483441237744503
0.4683443339582037,0.41310836755959995,0.11854729848219646
0.7708349782198772,6.221605621703746e-17,0.22916502178012274
0.4878073489181766,0.4500906263310889,0.06210202475086687
0.6516392003379982,0.2626822716555842,0.08567852800643364
0.6694533807556421,0.24243113228139962,0.08811548696321071
0.619949818726877,0.27938732227515184,0.10066285899797113
0.2370310065221661,0.6572825765917304,0.10568641688610361
0.8295673600886962,0.039162149801504384,0.1312704901098105
0.32965405454728564,0.5911498339033814,0.07919611154933293
0.8581852211895831,0.0,0.14181477881041715
0.45375191318821717,0.446725870294745,0.09952221651703781
0.5596398013064823,0.36466796880596997,0.07569222988754769
0.5918740325152766,0.3439960916701077,0.06412987581486923
0.5924462638325013,0.2383271292257248,0.16922660694177394
0.8838632856430708,1.71415544824925e-15,0.1161367143569274
0.3955973539649998,0.4690986319059512,0.13530401412904988
0.4787748836868311,0.37755952976167806,0.14366558655149084
0.8049339327692265,0.05884087034916646,0.1362251968816251
0.4227490820443522,0.4245621873477601,0.15268873060788765
0.656503241586356,0.15576171871878344,0.18773503969486055
0.7404812982181765,0.038254088619630686,0.22126461316219276
0.47046173010986453,0.4274428042379986,0.10209546565213684
0.6938802985118583,0.23544311173678895,0.07067658975135281
0.4180165118270664,0.5092259408749569,0.07275754729797675
0.48921123732533944,0.43284038404907094,0.07794837862558958
0.31842741448681444,0.5033601878607163,0.17821239765250782
0.4261074026540839,0.37620425547434855,0.19768834187156747
0.8274132816269683,1.1402049610161982e-14,0.1725867183730202
0.27067563861465144,0.5256209555406547,0.20370340584469418
0.8730077271669455,1.1223708633555722e-17,0.12699227283305456
0.7770443083107295,0.10728336799631837,0.11567232369295201
0.549786818830464,0.3777479068972543,0.07246527427228167
0.4460114363285384,0.40915175488333233,0.14483680878812935
0.7285985569001078,0.178802763594002,0.09259867950589029
0.38917568309262535,0.3666870579248315,0.2441372589825431
0.7072860399703271,0.2577347782921953,0.03497918173747747
0.5279287713688039,0.36617503591915596,0.10589619271204019
0.7316117890157038,0.11250689163711589,0.1558813193471805
0.6430677241839536,0.25633470962462473,0.10059756619142143
0.5737400789499238,0.3107540082937368,0.1155059127563393
0.7863482848390096,9.199231454211413e-17,0.21365171516099052
0.6931249914762175,0.24545318785077772,0.06142182438709511
0.7922530717395083,0.0,0.2077469282604926
0.8331391952652106,6.501756559090713e-18,0.16686080473478937
0.520789674019566,0.33186584208020986,0.14734448390022398
0.700565781520002,0.22567488272816896,0.07375933575182915
0.4882693675931275,0.42025680761851564,0.09147382478835692
0.7384812964328153,0.17125029538733205,0.09026840817985259
0.7623574867579319,0.0772082469594017,0.16043426628275573
0.8527907691154409,0.03806159037807495,0.10914764050655214
0.48767508404915355,0.40341896483275097,0.1089059511180954
0.8268994734387118,1.1962127860214794e-16,0.17310052656128808
0.4997308106394138,0.317460529025094,0.18280866033549384
0.746986195369671,0.14747711182020604,0.1055366928101544
0.44694559121332433,0.35929956914642386,0.19375483964025178
0.44443745254824546,0.49250404783739,0.0630584996143646
0.19710646470313625,0.6904323937194052,0.11246114157745853
0.8011257931572188,0.036256676683455114,0.16261753015933447
0.8573855373088004,0.0029847096501707036,0.13962975304102873
0.7179087368219955,0.17297778276482204,0.10911348041318245
0.6492116284822713,0.2293166730046008,0.12147169851312797
0.5022452021691354,0.3565321310255664,0.14122266680529844
0.3539596960015126,0.43754253487972977,0.20849776911875756
0.6085972896715995,0.35006117840056417,0.041341531927836385
0.5534773411112104,0.39531599074216794,0.051206668146621746
0.7351115205634202,0.16700831825272192,0.0978801611838594
0.8189532916733434,0.053508324746306186,0.12753838358035083
0.8790008424497832,1.4886559667856328e-16,0.12099915755021673
0.6897381466537875,0.16554940943284513,0.14471244391336727
0.8519183796308812,1.8120380903043075e-16,0.14808162036911843
0.8193203365819446,8.273043679600544e-16,0.1806796634180547
0.8385964334575643,0.030252502661565164,0.1311510638871522
0.5868189071326846,0.3085267470311942,0.1046543458361215
0.6300948996199084,0.219789705888848,0.15011539449124367
0.7817668406517957,0.11595061409321221,0.10228254525499224
0.3682652901551402,0.511380714205694,0.12035399563916656
0.4572632351447011,0.42729934676786885,0.11543741808743005
0.5258181347461794,0.3558632270771511,0.11831863817666938
0.7387838319485923,0.050633594467068076,0.2105825735843399
0.6221864683170611,0.28602819549165376,0.09178533619156463
0.7687658510098191,0.06802028191073566,0.16321386707944532
0.5716053699205204,0.34162731455222345,0.08676731552725622
0.3618173482691279,0.48560808252044274,0.15257456921042933
0.7347050848729517,2.7755575615628914e-17,0.2652949151270483
0.8749168846983714,4.0438810451388177e-16,0.1250831153016282
0.5341715587451157,0.3691507546952035,0.09667768655968073
0.793238763287596,0.03520035273986479,0.171560883972557
0.7976965759980347,0.09964535077965543,0.10265807322230996
0.8914109741676017,2.148764152148257e-16,0.10858902583239807
0.6868204106960071,0.2294064886014111,0.08377310070258168
0.5518132498236283,0.3954373806505801,0.05274936952579155
0.6785952279570323,0.03510891833481587,0.28629585370815186
0.2782134005457319,0.5212950452065307,0.20049155424773743
0.8192992505853136,0.0,0.18070074941468645
0.5097641626825548,0.40558228553197057,0.08465355178547618
0.6225268186253561,0.24861397887897657,0.12885920249566735
0.7755826577162966,0.09212209045530056,0.1322952518284028
0.46351415656081624,0.4638795896888674,0.0726062537503165
0.4160760899401094,0.44005689072215326,0.14386701933773735
0.7918872069355836,1.974664734456162e-17,0.20811279306441643
0.8275009704402515,5.438738710436111e-19,0.17249902955974844
0.455181987151789,0.4124307657366633,0.13238724711154765
0.8218976161331673,2.0133996770048172e-17,0.17810238386683278
0.8435973496104765,0.0,0.15640265038952378
0.8061948078694127,0.013650368570102996,0.18015482356048435
0.7706680352034362,0.14001149725762507,0.08932046753893906
0.7297910008557366,0.16494246748400115,0.1052665316602624
0.7980466365911735,0.07332339028884954,0.128629973119977
0.33075509546960463,0.49131212477789005,0.17793277975250624
0.8444969960057714,9.68971969931227e-18,0.15550300399422914
0.6056403557599752,0.27426425057686926,0.12009539366315558
0.7283685255189756,0.1856618134504359,0.08596966103058865
0.8104376760263987,0.08211035744526857,0.10745196652833988
0.8715491560909204,2.124705075468475e-18,0.12845084390907963
0.463927104344052,0.39334092462286346,0.14273197103308466
0.8267383532448244,0.026141739530707156,0.14711990722446872
0.5533667819290196,0.3207818723556194,0.12585134571536108
0.6501327747401634,0.1495656521406992,0.20030157311913724
0.33694663434764077,0.41813595552655203,0.24491741012580814
0.41610146928286545,0.33871062296734455,0.24518790774979007
0.4744505800342283,0.43433091799767765,0.09121850196809426
0.8227069706830998,6.682375235196549e-19,0.1772930293169004
0.766758530213113,0.1704722713081696,0.06276919847871747
0.8396340913171366,5.0659346509385205e-21,0.1603659086828635
0.780151697991023,0.0695347140940985,0.15031358791502858
0.7100901060350198,0.20765701327413313,0.08225288069084738
0.24799720765434685,0.5729304478435026,0.1790723445021841
0.4960061386226268,0.23565309017270317,0.2683407712046701
0.46487471440079087,0.4092408869559237,0.1258843986432854
0.4868278532492032,0.399768223835722,0.11340392291507476
0.8507730977249708,9.270001549308858e-18,0.14922690227503388
0.2193531197152936,0.6053397795081671,0.17530710077653944
0.4668008368626355,0.4719955261418448,0.061203636995519776
0.5010329270511018,0.3863215288660037,0.11264554408289454
0.664698723389726,0.276852970052089,0.05844830655818505
0.4743266036195556,0.2925649069091089,0.23310848947133567
0.4015986753449859,0.40417630203139676,0.19422502262361727
0.7088017241167107,0.1782066001955465,0.11299167568774286
0.7600269419011838,0.15499853285522966,0.08497452524358648
0.3091956573670883,0.5898458032810147,0.10095853935189704
0.4200418424288447,0.39689630429909134,0.183061853272064
0.5718364669311334,0.36058391622429203,0.06757961684457459
0.8362904951546605,1.0919114682254489e-16,0.16370950484533936
0.7692761340823765,0.09819514087816401,0.1325287250394595
0.8404550994187611,0.0,0.15954490058123905
0.6588809259935782,0.20775186536523702,0.133367208641185
0.8347233890122149,8.87581997489004e-17,0.16527661098778515
0.801678419102123,0.07935211300865061,0.11896946788938238
0.7483726348919704,0.11690540353856983,0.13472196156946037
0.7983337725075105,0.08574814097961653,0.1159180865128741
0.7987359497345364,0.019591019380150086,0.1816730308853137
0.7172324541673842,4.040846266010011e-17,0.28276754583261593
0.5023396968509617,0.3584908867860109,0.13916941636302754
0.4808550051800644,0.4021586449176501,0.11698634990228547
0.566825231593397,0.3904056931142194,0.042769075292383704
0.6309915684604714,0.2778469689160837,0.09116146262344488
0.48448436281884316,0.40718000336439786,0.10833563381675897
0.8221378137393582,2.89386436033154e-17,0.17786218626064193
0.870898574471913,2.0548065734880726e-16,0.1291014255280869
0.63866928605026,0.30791497859048356,0.05341573535925661
0.46538535235151635,0.47271901776444036,0.06189562988404329
0.7822907949956568,0.0,0.21770920500434332
0.5318365384494843,0.3984354528278724,0.0697280087226432
0.38407678857938515,0.42905582683496035,0.1868673845856544
0.7445590017508534,0.12319818607730498,0.13224281217184164
0.8340106771385938,0.0910783815353927,0.07491094132601557
0.46626393287214324,0.4498636077610984,0.08387245936675838
0.8362662243744036,0.08304685835782094,0.08068691726781045
0.7915995142232228,3.6959797851941606e-16,0.20840048577677678
0.5364030839521987,0.3396135013614056,0.1239834146863956
0.5565573481601463,0.38208198296942075,0.061360668870433496
0.8796235870958424,0.04933350259870897,0.07104291030544846
0.3726830949064742,0.5948898070821969,0.03242709801134608
0.6496690535873288,0.21539898392795906,0.13493196248471226
0.4131125101116197,0.3594396260535461,0.22744786383483423
0.6220175825608906,0.15016902680379654,0.22781339063531297
0.37014522189575166,0.4291716267347819,0.20068315136946652
0.8869275687342174,2.383507623572792e-16,0.11307243126578238
0.41826638420381007,0.4868303049103604,0.09490331088582983
0.4862079213723618,0.40312144675128736,0.1106706318763508
0.6074476950931444,0.3431057094415601,0.04944659546529552
0.6105214572689154,0.1888041929443147,0.20067434978677007
0.5009258814172499,0.44807547307526263,0.05099864550787976
0.46145696780638723,0.43914600440854024,0.09939702778507263
0.6323364901364548,0.30741879532682853,0.06024471453671677
0.5180527439716024,0.4312339959197505,0.050713260108647136
0.838665109021879,5.357185981558217e-18,0.16133489097812106
0.6977162329765143,0.16033763081190056,0.1419461362115871
0.6735526069126307,0.1462968206826035,0.18015057240476587
0.8615418914831505,0.04414191651964835,0.09431619199720116
0.4017835590471544,0.532941478939294,0.06527496201355158
0.45714824948590416,0.41656800191220905,0.1262837486018867
0.4110521374230575,0.49781395523790567,0.09113390733903697
0.6933268783458997,0.19525867957437454,0.11141444207972583
0.7731640977493429,0.05790023814635035,0.16893566410431154
0.8543656757985447,6.3188626739542e-18,0.14563432420145592
0.6733758489257434,0.18520991364820674,0.1414142374261101
0.4768680213465101,0.3905190981146399,0.13261288053885004
0.7530012022509363,0.10692255824882753,0.1400762395002366
0.4580225844118638,0.33070444790712317,0.2112729676810132
0.44081707377876095,0.40226028893232935,0.15692263728890984
0.8650864496918015,0.010953505688576325,0.12396004461967554
0.6863134639535293,0.21483289980322573,0.09885363624324514
0.4953873621016916,0.4300676156634432,0.07454502223486538
0.7863370607876727,0.03595956522630834,0.17770337398601915
0.6250299197609556,0.21251366625200308,0.16245641398704128
0.4764217505299707,0.4604965970998379,0.0630816523701921
0.509962072158306,0.42050727268081606,0.06953065516087796
0.34440528606167564,0.49747456991122146,0.158120144027105
0.4127945769022232,0.5370849427579453,0.050120480339832366
0.424746230127493,0.38516314348933517,0.19009062638317187
0.45531622868002775,0.44024117458950657,0.1044425967304657
0.7775516388323843,1.9888691694626404e-16,0.22244836116761552
0.5091516866854529,0.3440337148214074,0.14681459849313988
0.7924726151196668,0.13046341031962333,0.07706397456070986
0.33889539621532494,0.5102343351841284,0.15087026860054653
0.704813527686785,0.1802956456415801,0.11489082667163485
0.5509493748259169,0.32814343675631996,0.12090718841776384
0.7053996998944776,0.23853946871735113,0.056060831388171355
0.7772199759768018,0.13213545112715233,0.0906445728960458
0.4934462067730793,0.34740964581182054,0.15914414741510013
0.8272942515625158,0.11021171620970348,0.06249403222778531
0.7983408286542512,0.014291390290788153,0.18736778105496302
0.7666133801407904,0.1346569679235939,0.09872965193618922
0.47931142931129384,0.4515707940555404,0.06911777663316575
0.5643515071299416,0.34501644649457675,0.09063204637548171
0.5026071018125516,0.4076198695385422,0.08977302864890606
0.4219718924360804,0.371851964689766,0.20617614287415365
0.4532626029404801,0.39724927523949377,0.14948812182002616
0.5923280993840232,0.3140225086279862,0.09364939198799072
0.6968000871993884,0.1878983819045598,0.11530153089605262
0.8209899449465166,0.0,0.1790100550534834
0.76563570401706,0.11640946584108165,0.11795483014185851
0.6972423304261889,0.2324111194169103,0.07034655015690086
0.46725593955639994,0.42046604904410045,0.11227801139949961
0.6922010111795187,0.22362904506193707,0.08416994394347159
0.8157133855359067,0.0,0.18428661446409333
0.3964655848207262,0.38001266320346294,0.22352175197581084
0.831710675172658,0.07363171975760907,0.09465760506973307
0.6068527164426245,0.19921448227134445,0.19393280128603116
0.7056348291071932,0.23562377300088502,0.058741397891921614
0.7632037799462581,0.1025880089205989,0.13420821113314305
0.8261585097510036,2.051747272433619e-17,0.17384149024899634
0.5044490416062585,0.3811216904801974,0.11442926791354416
0.8409127309225233,7.758057051954323e-17,0.15908726907747692
0.6315172214035639,0.23588034708256087,0.13260243151389076
0.646262003472696,0.27218158013413335,0.08155641639317049
0.4348826850671354,0.41817258653710887,0.1469447283957557
0.6871505624203671,0.24924422617175507,0.06360521140787787
0.4209270387831052,0.46035368751275824,0.11871927370413651
0.7896270194138661,3.203281313562528e-18,0.2103729805861338
0.441894543064477,0.39336430283024787,0.16474115410527515
0.7568835091107176,0.11451298411679198,0.12860350677249122
0.8256152948794518,5.736595648725589e-17,0.17438470512054827
0.5902692127011625,0.3346746411439317,0.07505614615490618
0.4306589805346411,0.419942627245665,0.1493983922196939
0.6149845283021023,0.3228585367185966,0.0621569349793012
0.11221408678903119,0.8340936486581275,0.05369226455284169
0.5740060816891298,0.3201139176907011,0.10588000062016908
0.6045360238334127,0.34878368204636073,0.04668029412022672
0.6884451279600564,0.2336849606013475,0.07786991143859616
0.41391156324937856,0.3652944467063507,0.2207939900442707
0.775662523671038,0.09394963996535968,0.13038783636360302
0.813677215459168,0.16375587129596172,0.022566913244870458
0.5522094818025786,0.2698636332805558,0.17792688491686565
0.7353086348089574,0.15441232267489277,0.11027904251614976
0.6812064394347952,0.20956377312270127,0.10922978744250406
0.7727140292464882,0.11366200261828169,0.1136239681511799
0.7437245637660598,1.1977001619571102e-15,0.2562754362339391
0.430706756165946,0.3678194627409547,0.20147378109309946
0.4634692193257614,0.39265763733175574,0.14387314334248286
0.7982388939212959,0.10205723534675883,0.09970387073200397
0.5662211557776077,0.3563678668804551,0.07741097734193743
0.6859480060955923,0.0,0.31405199390440797
0.7368301798867545,0.13197703635828886,0.13119278375496382
0.4781285964899135,0.37867285935786515,0.14319854415222136
0.8376238083419646,1.5077173415642695e-16,0.1623761916580353
0.6977822449536255,0.21361604707158124,0.08860170797479562
0.8060398380198197,0.030647678202916934,0.16331248377726332
0.4401858974982279,0.4761239435856318,0.08369015891614034
0.7257746458867361,0.2171820909390478,0.05704326317422179
0.6529426411781108,0.26159944647744815,0.08545791234444397
0.8396527564426108,4.348068508705886e-16,0.1603472435573886
0.5983093542368702,0.3202605408027467,0.08143010496038319
0.8416336257078141,0.09896695349628713,0.05939942079589887
0.6396226082410581,0.24561328596132279,0.11476410579761924
0.7652004742089222,0.20399233646955403,0.030807189321523962
0.45838747716070233,0.4023465912949327,0.139265931544365
0.5356397103477442,0.3942033772539409,0.07015691239831497
0.4167816651042046,0.374947073457106,0.20827126143868954
0.4956267184898044,0.3666465806229683,0.13772670088722724
0.8168480625587106,2.6994055865088757e-16,0.18315193744128933
0.8072812665311511,4.2189857694200886e-17,0.192718733468849
0.3186002599779141,0.5099228974980048,0.1714768425240892
0.44521159927576703,0.4679031376354552,0.08688526308878104
0.4363907138304387,0.4426455540049483,0.12096373216461309
0.6400453532050367,0.28067548100746237,0.0792791657875009
0.6306530476738704,0.3258465060619851,0.04350044626414472
0.255985344536318,0.5913285458376509,0.15268610962603116
0.8198690378419276,0.1039762662661308,0.07615469589194172
0.707317272613813,0.2395732815973042,0.05310944578888366
0.5880988038865442,0.36788754723302797,0.044013648880427796
0.7833728578308785,0.08878114550786322,0.1278459966612584
0.8050861862603743,1.3146140706751369e-15,0.1949138137396245
0.5217062104641235,0.4161745515399744,0.06211923799590213
0.8396819413730652,0.032229730196838904,0.12808832843015713
0.6735476818168049,0.2540678829929614,0.07238443519023377
0.7793136274494695,0.17664947136272363,0.044036901187806766
0.8479796421935507,0.021796842015086085,0.13022351579150726
0.4905392110119098,0.4289909171704204,0.08046987181766997
0.8415772476132473,5.1369588963705015e-19,0.15842275238675282
0.5630514883856287,0.3446450057882492,0.09230350582612205
0.4514158327966022,0.48412712698476223,0.06445704021863556
0.4823441616273415,0.4185357612148395,0.09912007715781895
0.45843107338590017,0.25704525964674846,0.2845236669673516
0.7302076633673723,0.14537485398604838,0.12441748264657948
0.6267368076630652,0.27775603622993034,0.09550715610700461
0.7363177739342258,0.12097347064955533,0.1427087554162196
0.29389787870137263,0.6187863800935516,0.08731574120508745
0.21219637368172314,0.6396295831642319,0.14817404315408203
0.4568741142919038,0.38273677461690053,0.1603891110911956
0.5309185153471969,0.41086149849479153,0.05821998615801161
0.7638785428553072,0.11052212477589733,0.12559933236884058
0.2600707330641279,0.6722507415553507,0.06767852538052767
0.3887776313454575,0.5282934843362871,0.08292888431825747
0.3630088183353665,0.5382434151395079,0.0987477665251255
0.4728930781076382,0.3954209152816043,0.13168600661075752
0.4608624181161286,0.41147167925516703,0.12766590262870423
0.742704671793415,0.13601298506936144,0.12128234313722452
0.48319213159184743,0.41147904264539265,0.10532882576275997
0.5174298852063512,0.3993030812974493,0.08326703349619949
0.28740981002601046,0.5950490556465761,0.11754113432741356
0.2260698059928255,0.7015940460580561,0.07233614794911845
0.7623092520982535,0.200851233289469,0.03683951461241086
0.730530871252277,0.13143937574840142,0.1380297529993217
0.42742754507292247,0.4039660961724206,0.1686063587546569
0.4655238170641349,0.3658255176898161,0.16865066524604896
0.798583440321501,0.08443947752129212,0.11697708215720691
0.47726423171664,0.37293923603218787,0.14979653225117204
0.6726275912413407,0.08970870884601807,0.23766369991264114
0.7403350815350531,0.18159671432755425,0.07806820413739296
0.5283548512003086,0.37179381115836907,0.09985133764132226
0.8335021848592828,3.8855453687625e-17,0.1664978151407171
0.8503114014943122,1.0077119600584606e-16,0.14968859850568805
0.7124342673553833,0.1538212189626118,0.13374451368200527
0.43454110145887775,0.48156784621621523,0.08389105232490701
0.7215744986476875,0.22511532954191504,0.053310171810397586
0.8293127774373835,0.09541933351482883,0.07526788904778804
0.6486425492039917,0.26554037048595097,0.08581708031005791
0.5444275037930729,0.36395825920548347,0.09161423700144365
0.8035047314537397,1.827432707387069e-15,0.19649526854625904
0.48080776945581555,0.4560997860786009,0.0630924444655836
0.8129146379881158,0.07053214566739732,0.11655321634449893
0.6613513058493041,0.2868982737435864,0.051750420407109615
0.8409142207326182,5.828670879282072e-16,0.1590857792673813
0.49382336231130997,0.4018963829436159,0.1042802547450741
0.8142288093638371,8.269002317289156e-18,0.18577119063616288
0.8329723944846888,0.06824109813205856,0.09878650738330241
0.3255703008523771,0.5841020671565853,0.09032763199103758
0.7502657318465948,0.1189294575518148,0.1308048106015903
0.8722193399373406,0.013443783511910964,0.11433687655074962
0.8457197348532778,9.906806442051564e-16,0.15428026514672133
0.6189251960980294,0.28833951162015387,0.0927352922818178
0.4520362991599144,0.4249929251761416,0.12297077566394399
0.45405717436336074,0.4062392278243683,0.13970359781227099
0.7174364009923141,0.22323004457970877,0.05933355442797721
0.30941772451200733,0.5595051605684546,0.13107711491953822
0.3767364172516268,0.4971682765276811,0.12609530622069218
0.6167810761778194,0.3175447312864116,0.06567419253623641
0.41930113369627625,0.38526725484540725,0.19543161145831653
0.8750263798553249,4.336808689942018e-17,0.12497362014467495
0.8867707294962032,1.1117958546460825e-16,0.11322927050379852
0.8224584689154466,0.0353940905720059,0.1421474405125628
0.40865530043613774,0.4425399633314636,0.1488047362323986
0.5081201703141539,0.33179891144803814,0.16008091823780835
0.8149879320380258,2.9248813844402322e-16,0.18501206796197478
0.8471923765306142,3.838638253272025e-18,0.15280762346938628
0.8591419822771448,7.109937698388568e-19,0.14085801772285533
0.8109791389988106,0.03645592909491938,0.15256493190629142
0.4293830685329397,0.4721345018254696,0.09848242964159078
0.5065437055197329,0.4199544141167557,0.07350188036351148
0.7272321600384399,1.1402103134413042e-17,0.27276783996156
0.8540023237248437,1.5144144560905092e-16,0.14599767627515609
0.6705710195723891,0.22216845403014043,0.10726052639747069
0.8290646011126418,0.06896664994504723,0.10196874894231121
0.4079813537885758,0.4022060469773989,0.18981259923402527
0.3034481952671876,0.5593608953324204,0.1371909094003942
0.3532211481736901,0.5435085660783509,0.1032702857479592
0.6888216506998329,0.24242825148474448,0.06875009781542238
0.5871789193374958,0.23043738974886124,0.182383690913643
0.8427177061001286,1.3346558007560905e-16,0.15728229389987153
0.6972257179789828,1.4559881078568538e-17,0.30277428202101747
0.4610820100644789,0.33275506451050196,0.20616292542501907
0.5099845893189773,0.39869910060061153,0.09131631008041133
0.440629944356347,0.40023871438279657,0.15913134126085635
0.6109158050666298,0.2960498397025563,0.09303435523081398
0.23752115952980787,0.7037536516898337,0.05872518878045515
0.7856996006085661,0.06847202530630245,0.14582837408513186
0.6575835862064787,0.2409666824305515,0.10144973136296993
0.5510655229067667,0.3819840128294393,0.0669504642637941
0.7740000697179528,0.0350556278781013,0.1909443024039462
0.7770073156814139,0.0977021632772848,0.1252905210413013
0.8341855366807212,1.3866673296240809e-17,0.16581446331927888
0.7969546847473727,0.003963144654598235,0.19908217059803593
0.9116311879271384,2.7755575615628914e-17,0.08836881207286178
0.48497551271871114,0.4486438211994973,0.06638066608179159
0.38463817055802957,0.5397764488470597,0.07558538059491066
0.5230789481858813,0.3118211019407504,0.1650999498733683
0.7157896692691965,0.1978290038016729,0.08638132692913139
0.3925295347510868,0.4979260757892778,0.1095443894596362
0.6564661638326696,0.2871491351934306,0.056384700973900456
0.792444774635414,0.10732642352752132,0.1002288018372045
0.7354751868614686,2.4416963830164888e-18,0.2645248131385313
0.8643229782049662,7.716807237629567e-18,0.13567702179503413
0.8379966539540046,5.2053124396711755e-18,0.16200334604599548
0.5863383598152545,0.28237287655156007,0.13128876363318534
0.7085836415556787,0.12735378989777504,0.16406256854654636
0.45317062444226225,0.4452962070403839,0.10153316851735389
0.8221338189533213,5.323770635676286e-17,0.17786618104667873
0.8330185893402835,4.028649933329654e-17,0.16698141065971678
0.40119960979440233,0.38540862779159796,0.21339176241399968
0.8810033073965735,4.580645764897731e-19,0.11899669260342649
0.8012691907491648,0.09676238917425675,0.1019684200765785
0.7707734282101945,0.07432063739863991,0.15490593439116568
0.40115414802331784,0.45550147540973074,0.1433443765669515
0.8354819593900801,7.122659491334719e-16,0.16451804060992023
0.5342631857695214,0.38188041928258165,0.08385639494789687
0.505745782809972,0.339781713802597,0.15447250338743096
0.7217197843863539,0.16265453723404014,0.11562567837961912
0.8644717407020817,0.03294572647174751,0.1025825328264607
0.7684908241217772,0.15378423782004608,0.07772493819340738
0.47932369075151426,0.4215652076046452,0.09911110164384061
0.7913613582830904,0.10711508147541976,0.10152356024149012
0.8420453267993064,1.6273874609007422e-16,0.1579546732006934
0.5046617286072266,0.4088476018424653,0.08649066955030828
0.5821777124127423,0.2907051559400541,0.12711713164720367
0.6414058156561484,0.26816771477436757,0.0904264695695496
0.21420798665812385,0.6270780654817395,0.15871394786013673
0.8428181574632024,5.121338665860044e-16,0.157181842536797
0.8721975416909888,0.0,0.12780245830901157
0.30885348798878126,0.5812174677704333,0.10992904424098714
0.7355337187654335,0.10475017697271588,0.1597161042623364
0.4341719848070003,0.4405776666613295,0.12525034853167014
0.8737700109928737,6.013864822145347e-17,0.12622998900712634
0.8449040086722724,0.0,0.1550959913277277
0.21263965978206273,0.7197784254604147,0.0675819147575225
0.7522837223438275,0.14696822774213525,0.1007480499140378
0.36361742735571567,0.5140301406621689,0.12235243198211547
0.7826468487436982,0.00336915073444289,0.21398400052185892
0.6685988502063921,0.228703393888807,0.10269775590481055
0.7471386703624895,0.20620390716191422,0.04665742247559627
0.8149920628200836,3.984214661615474e-18,0.18500793717991684
0.6978982393494975,0.220650903430873,0.0814508572196295
0.7090500748392518,0.14993606746008087,0.14101385770066743
0.32854219625219594,0.4994013181824375,0.1720564855653667
0.4262702651634105,0.39065629809798535,0.1830734367386042
0.5159081686763062,0.37144209065549977,0.1126497406681941
0.7638160363388343,0.023194007128560575,0.21298995653260597
0.866113233651687,3.66128839485863e-16,0.13388676634831265
0.8225402567990433,0.03560763237418924,0.1418521108268157
0.6106507378930233,0.3309012752102646,0.05844798689671208
0.824816348203311,0.11858297524547981,0.05660067655120921
0.8283313831138103,0.022993321393044306,0.14867529549314534
0.5085630621887471,0.4501590244253437,0.04127791338590917
0.8654133788359274,2.1737785490860846e-14,0.13458662116407238
0.7488866463497362,0.1787234461399041,0.07238990751035969
0.8165431593898693,0.11772421909113608,0.0657326215189947
0.47487424017660956,0.4091247171790802,0.11600104264431023
0.5127982699960962,0.32102070951468376,0.16618102048921984
0.7593966955495919,0.0,0.24060330445040823
0.7193262526415727,0.10024343293757618,0.18043031442085106
0.6905486432090304,0.17245517661928492,0.13699618017168472
0.63292495966381,0.32974375831526487,0.03733128202092539
0.8112371192372043,3.8429720564194964e-19,0.18876288076279588
0.4996935984489457,0.34189514534675597,0.1584112562042989
0.8382662509400242,4.0250907068274036e-16,0.16173374905997565
0.7786413584963077,0.060383173252106556,0.16097546825158632
0.6957509731479878,0.1518308832380064,0.15241814361400557
0.7926203352952719,0.12033409447782283,0.08704557022690738
0.19402625556217043,0.6224864221039073,0.18348732233392256
0.5508391516417382,0.41241399888981845,0.03674684946844366
0.5903859910554529,0.27809790187311917,0.13151610707142813
0.814861302978689,1.751721319776541e-16,0.18513869702131105
0.6461147408195258,0.2560222142321457,0.0978630449483286
0.43852038784406394,0.4117574637963945,0.14972214835954156
0.8525113344595663,6.563043983172469e-16,0.14748866554043302
0.6646211646195317,0.24186995854559107,0.09350887683487732
0.5926291628081457,0.1450521766456164,0.2623186605462379
0.23311176846594625,0.6877764200529392,0.07911181148111734
0.543530140886876,0.38543347612876977,0.07103638298435432
0.8473396319671285,8.665146478628553e-17,0.15266036803287292
0.439833846592116,0.3813243533462899,0.17884180006159406
0.43045431476185403,0.42619260377992596,0.14335308145822004
0.8543627151496529,3.278256307328983e-17,0.14563728485034716
0.5206006943150704,0.3479899705143586,0.13140933517057113
0.5379722432962656,0.32164746785086656,0.14038028885286788
0.4992579585049182,0.371008841281892,0.12973320021318988
0.5210761905720561,0.4073343776836259,0.07158943174431792
0.810478594971916,1.2718145339493732e-16,0.1895214050280868
0.5099742308165874,0.40166301785745046,0.08836275132596205
0.756886806583021,0.10425023743851443,0.13886295597846465
0.7590345521911859,0.15763749480832812,0.0833279530004862
0.6449559877675287,0.2763447540067519,0.07869925822571945
0.5748893099508353,0.28252453988879234,0.14258615016037243
0.8203510934950947,0.10891957604562434,0.07072933045980709
0.46864483143099367,0.4359285787985212,0.09542658977048515
0.5192223955709905,0.3895685885990868,0.09120901582992283
0.6371441722037199,0.23567681094440024,0.12717901685187996
0.7282859267564398,0.20404210588686142,0.06767196735669967
0.5671902864261518,0.3619997098534942,0.07081000372035422
0.521206879228713,0.34165482349816023,0.13713829727312676
0.5096863340278208,0.3513572977750093,0.13895636819717017
0.6478561550112223,0.26968409559376333,0.08245974939501444
0.8478888879763921,0.05242643275845912,0.09968467926514896
0.6469862870530904,0.2617944860333805,0.09121922691352899
