Column1,Column2
5.551115123125783e-17,1.0
0.5725153106478617,0.42748468935213796
0.0,1.0
0.0,1.0
0.5,0.5
0.5328288529379055,0.46717114706209445
0.7774609417022468,0.22253905829775308
0.03233824208847741,0.9676617579115224
0.0,1.0
0.6533255933906222,0.3466744066093776
0.03869928251161349,0.9613007174883864
0.5,0.5
0.0,1.0
0.39695361882459496,0.603046381175405
0.14037218746639668,0.8596278125336033
0.0,1.0
0.2579843707860909,0.7420156292139091
0.006271571077542407,0.9937284289224577
0.0,1.0
0.5333308204204925,0.46666917957950754
0.28968687172974056,0.7103131282702594
0.1264382153749466,0.8735617846250534
0.5208506089121373,0.4791493910878627
0.04010455004898267,0.9598954499510173
0.14019899365463512,0.8598010063453648
0.0,1.0
0.36037459751963424,0.6396254024803656
0.5959868298257978,0.40401317017420213
0.38821985890205213,0.611780141097948
0.5830195788465158,0.41698042115348416
0.571436987974965,0.4285630120250349
0.4244973622262478,0.5755026377737522
0.5766428838799222,0.4233571161200775
5.551115123125783e-17,1.0
0.45773386604709504,0.5422661339529049
0.5876357063680872,0.4123642936319128
0.4627165896571943,0.5372834103428058
4.163336342344337e-17,1.0
0.5244936870357833,0.47550631296421675
0.1065708384859773,0.8934291615140225
0.26098152865524954,0.7390184713447505
0.205809048549499,0.794190951450501
0.35492181405425083,0.6450781859457492
0.35877598387382875,0.6412240161261712
0.6425720604894302,0.35742793951057006
0.20471756143203926,0.7952824385679609
2.7755575615628914e-17,1.0
0.048929782339933864,0.9510702176600662
0.7246913975216355,0.27530860247836453
0.3439609859590354,0.6560390140409647
0.5,0.5
0.3125297956623606,0.6874702043376394
0.529969497817943,0.470030502182057
4.440892098500626e-16,0.9999999999999997
0.34861378651112307,0.6513862134888769
0.5,0.5
0.4136953010036938,0.5863046989963061
1.1102230246251565e-16,1.0
0.0,1.0
1.1102230246251565e-16,1.0
0.5310252858319227,0.46897471416807746
0.4128939341855599,0.58710606581444
0.04007710560753685,0.9599228943924631
0.12310834903375294,0.8768916509662472
0.6678039633193144,0.3321960366806856
0.11193090942102725,0.8880690905789728
1.3877787807814457e-16,0.9999999999999999
0.0,1.0
9.71445146547012e-17,0.9999999999999999
3.8163916471489756e-17,1.0
7.216449660063518e-16,0.9999999999999992
0.5290280164752865,0.4709719835247135
0.5830513906459961,0.4169486093540039
0.25434787836669376,0.7456521216333062
0.28975744056931924,0.7102425594306808
0.3321430734401216,0.6678569265598784
0.0,1.0
4.996003610813204e-16,0.9999999999999996
0.0,1.0
0.35943176767995155,0.6405682323200483
0.06633295290023326,0.9336670470997668
0.0,1.0
0.5,0.5
0.38167129668401545,0.6183287033159847
0.02156074603839976,0.9784392539616004
0.4855893540374596,0.5144106459625404
0.6032457922635792,0.3967542077364207
0.530464688516262,0.46953531148373795
0.0,1.0
0.06557994936981179,0.9344200506301882
0.44225361146625947,0.5577463885337406
0.6287300481315583,0.3712699518684418
0.06970173712688336,0.9302982628731165
0.6676981078879621,0.332301892112038
0.04005964609940101,0.9599403539005992
0.5,0.5
0.48268869605128734,0.5173113039487127
0.5,0.5
0.5,0.5
0.6182125657796864,0.38178743422031364
0.5,0.5
0.5743121728828486,0.4256878271171517
0.04789650605725706,0.952103493942743
0.6272373605529719,0.37276263944702825
0.5,0.5
0.5267922122643315,0.47320778773566863
0.4127422600909451,0.5872577399090549
1.8735013540549517e-16,0.9999999999999998
0.4757169671755682,0.5242830328244316
0.5,0.5
1.1102230246251565e-16,1.0
0.14740355835797728,0.8525964416420228
0.0,1.0
0.004897469203973748,0.9951025307960262
0.0,1.0
0.05300945726370892,0.9469905427362911
0.0,1.0
0.0,1.0
0.034114363373270104,0.9658856366267301
0.6148718389001112,0.3851281610998888
0.0525640789760008,0.9474359210239992
0.0,1.0
0.0,1.0
0.6671657437025877,0.33283425629741215
0.17196665183530407,0.8280333481646959
0.23665702720729065,0.7633429727927095
0.6728738239788249,0.32712617602117483
1.1102230246251565e-16,1.0
0.15825950327748667,0.8417404967225134
0.26098152865524954,0.7390184713447505
0.20584063301849712,0.7941593669815028
0.6012998156417457,0.3987001843582542
0.3831079696366777,0.6168920303633224
0.5,0.5
0.39214761633565925,0.6078523836643409
0.39251813665032464,0.6074818633496754
1.6653345369377348e-16,0.9999999999999999
4.440892098500626e-16,0.9999999999999997
0.4945531264140627,0.5054468735859371
0.04374665289117893,0.956253347108821
0.06296386054648637,0.9370361394535136
0.5191074614813868,0.48089253851861313
0.40629453740075816,0.593705462599242
0.5536057516379025,0.4463942483620974
0.25929222089340265,0.7407077791065974
0.4970870392624169,0.5029129607375832
0.46382310838008284,0.5361768916199171
0.6553359644307213,0.3446640355692787
0.11525703356434089,0.8847429664356592
0.20596055025674392,0.7940394497432561
0.011499425339578954,0.9885005746604211
0.575004315735273,0.42499568426472695
0.028144468066792647,0.9718555319332072
0.5,0.5
0.14616066856478,0.8538393314352198
2.220446049250313e-16,0.9999999999999998
1.1102230246251565e-16,1.0
0.47565028767726814,0.5243497123227319
2.7755575615628914e-16,0.9999999999999998
0.0,1.0
0.0,1.0
1.1102230246251565e-16,1.0
0.0,1.0
0.17849404814282593,0.8215059518571741
0.0,1.0
7.216449660063518e-16,0.9999999999999992
0.712010277914986,0.28798972208501417
1.6653345369377348e-16,0.9999999999999998
0.20657402804897593,0.7934259719510242
0.0,1.0
0.5944478425204334,0.40555215747956663
0.08504161486416918,0.9149583851358307
0.4037746257207953,0.5962253742792047
0.06787582912778181,0.9321241708722182
0.5940784443478478,0.405921555652152
0.5,0.5
0.036059727004035994,0.9639402729959641
0.0,1.0
0.5,0.5
0.815665011420205,0.18433498857979494
0.3095924682172584,0.6904075317827416
1.1102230246251565e-16,1.0
0.2578799970919413,0.7421200029080588
0.5,0.5
0.062492124299143435,0.9375078757008566
0.5,0.5
0.44028406889536137,0.5597159311046388
0.5544392202173611,0.4455607797826389
0.28911685685410055,0.7108831431458995
5.551115123125783e-17,1.0
0.5,0.5
0.3331697713583709,0.6668302286416291
0.524411307962166,0.4755886920378341
0.07809747801341657,0.9219025219865835
0.469337643896351,0.5306623561036489
0.5,0.5
0.1466621267488722,0.8533378732511278
0.5492143139666982,0.4507856860333018
0.10285884050701617,0.8971411594929838
0.0,1.0
2.7755575615628914e-17,1.0
0.4270218477545293,0.5729781522454708
0.0,1.0
6.800116025829084e-16,0.9999999999999993
0.5462467237890976,0.4537532762109024
0.5241405815179846,0.47585941848201535
0.6104040538904315,0.3895959461095683
0.607627820128171,0.39237217987182893
0.14310260851420814,0.856897391485792
0.4726455383241894,0.5273544616758109
0.12022086413670806,0.8797791358632918
0.5459143761707821,0.45408562382921797
0.5822260911492071,0.4177739088507927
0.3438902051449044,0.6561097948550955
2.7755575615628914e-16,0.9999999999999998
0.0,1.0
1.5959455978986625e-16,0.9999999999999999
0.023018657443933926,0.9769813425560662
0.5338151650897073,0.46618483491029283
1.1102230246251565e-16,0.9999999999999999
0.2270335900283749,0.772966409971625
0.6397181388526368,0.36028186114736316
0.41022892924365156,0.5897710707563484
0.0,1.0
0.33960047177970426,0.6603995282202957
1.3877787807814457e-16,1.0
5.551115123125783e-17,1.0
0.5917226005123306,0.4082773994876692
0.5,0.5
0.0,1.0
0.0,1.0
0.0,1.0
0.6039927968925649,0.39600720310743526
7.216449660063518e-16,0.9999999999999992
0.026115064877752787,0.9738849351222472
0.20663329025355837,0.7933667097464416
0.2579890453116727,0.7420109546883271
0.10148327535346964,0.8985167246465303
0.6249817020511802,0.3750182979488197
0.5605505542166708,0.43944944578332906
0.42887235102593313,0.5711276489740666
0.7400551106291682,0.25994488937083177
0.6255339224364178,0.3744660775635824
0.097569570149221,0.902430429850779
0.4966672875558517,0.5033327124441485
0.5,0.5
3.469446951953614e-17,1.0
0.4886739306080048,0.5113260693919952
0.5,0.5
0.0,1.0
0.467085641845741,0.532914358154259
0.6632779667363791,0.3367220332636206
0.3091192040592432,0.6908807959407568
0.5,0.5
0.0,1.0
0.0,1.0
1.1102230246251565e-16,1.0
0.5357518629957804,0.46424813700421963
0.5145631844497593,0.48543681555024076
0.2740900691393935,0.7259099308606065
0.06068569379589999,0.9393143062040998
0.34406694139855204,0.6559330586014479
0.1455228551590846,0.8544771448409154
0.5,0.5
1.1102230246251565e-16,0.9999999999999999
0.6060748876824202,0.39392511231757965
0.05289171465435047,0.9471082853456495
1.1102230246251565e-16,1.0
0.0,1.0
0.4800683400061627,0.5199316599938373
0.0,1.0
0.34712498631165795,0.652875013688342
3.3306690738754696e-16,0.9999999999999998
0.6361624150767363,0.3638375849232636
0.4856124162656326,0.5143875837343674
0.0,1.0
0.6312345946551406,0.36876540534485935
0.5911594737882196,0.40884052621178035
0.4043784265161762,0.5956215734838238
3.608224830031759e-16,0.9999999999999997
0.5147623319069801,0.4852376680930201
0.5224299766123291,0.47757002338767085
0.25937764511317024,0.7406223548868297
0.0,1.0
0.2581598411839562,0.7418401588160437
0.3438503135969579,0.6561496864030422
0.0,1.0
2.7755575615628914e-17,1.0
5.551115123125783e-17,1.0
0.34951124154031277,0.6504887584596872
2.220446049250313e-16,0.9999999999999998
0.5,0.5
0.5,0.5
0.4406258281133459,0.5593741718866543
0.023111647113717302,0.9768883528862826
0.6635341888670699,0.33646581113293006
0.051243065945500745,0.9487569340544992
0.5,0.5
0.0,1.0
0.5070652093577247,0.4929347906422753
0.640455788092416,0.35954421190758407
0.5927779304589068,0.4072220695410933
0.6190770867371646,0.38092291326283545
0.3438407271777263,0.6561592728222737
0.5,0.5
0.0,1.0
0.5,0.5
0.1875564492785496,0.8124435507214505
2.7755575615628914e-17,1.0
0.018138144460563412,0.9818618555394366
0.4930187580453944,0.5069812419546054
1.1102230246251565e-16,0.9999999999999999
0.40416109929240274,0.5958389007075973
0.05766466402034518,0.942335335979655
0.0020513103083841557,0.9979486896916158
1.3877787807814457e-17,1.0
0.4127208971374466,0.5872791028625535
0.5127286122725642,0.4872713877274359
0.5,0.5
0.2369062792407925,0.7630937207592075
0.0,1.0
0.677103374600188,0.3228966253998121
0.43425569575042083,0.5657443042495791
0.0,1.0
0.5159373085764869,0.4840626914235132
0.5019239484984428,0.4980760515015572
2.7755575615628914e-16,0.9999999999999998
0.41968924319110673,0.5803107568088932
0.0,1.0
0.3439691628565473,0.6560308371434527
1.1102230246251565e-16,1.0
0.27198726120848626,0.7280127387915137
0.6220275244798417,0.37797247552015845
0.5155925219878548,0.4844074780121452
0.23326089878973916,0.7667391012102609
0.5,0.5
0.13402107429255491,0.865978925707445
0.515916140546108,0.4840838594538918
0.0,1.0
0.5,0.5
8.326672684688674e-17,1.0
0.0,1.0
0.30347140295347447,0.6965285970465255
0.02317868536372306,0.976821314636277
0.5160841452629282,0.4839158547370718
0.0,1.0
0.5517996806157109,0.44820031938428917
0.6122119609209309,0.38778803907906917
0.030348486123736827,0.9696515138762631
0.06289076577925662,0.9371092342207434
0.6230975907864066,0.3769024092135933
0.030515030167898444,0.9694849698321016
0.5,0.5
0.3850510286400303,0.6149489713599698
0.6414644743090857,0.35853552569091424
0.33085833117365854,0.6691416688263414
0.5327907427076343,0.46720925729236573
0.07992804881339313,0.9200719511866068
0.5521570202215382,0.44784297977846194
0.14190415670451875,0.8580958432954809
0.6140671003720757,0.3859328996279242
0.2576940306483921,0.742305969351608
0.357233252376318,0.642766747623682
0.6196806332355587,0.3803193667644412
1.1102230246251565e-16,1.0
0.2580417243189045,0.7419582756810954
0.12744897685098677,0.8725510231490132
0.14601553568271322,0.8539844643172867
0.20637019901932904,0.793629800980671
0.5159845651668407,0.4840154348331593
0.0,1.0
8.326672684688674e-17,1.0
0.0,1.0
0.40901517948458704,0.5909848205154132
0.412807569922872,0.587192430077128
0.6230219532643891,0.37697804673561097
0.5730309620217747,0.42696903797822533
0.5732003984391137,0.42679960156088614
0.25795513362611705,0.742044866373883
0.5,0.5
0.4042647951903236,0.5957352048096765
1.6653345369377348e-16,0.9999999999999999
1.1102230246251565e-16,0.9999999999999999
0.03485079403380268,0.9651492059661972
0.5057804635344285,0.4942195364655715
0.5975674611786668,0.4024325388213331
0.21058689396035501,0.7894131060396451
0.5051318012732489,0.49486819872675114
0.524552816280064,0.47544718371993616
0.43166535010855844,0.5683346498914416
0.5201115322268376,0.4798884677731624
0.4598171525663624,0.5401828474336374
0.6515254873053953,0.34847451269460467
0.4422484578309056,0.5577515421690945
0.5221722547076637,0.4778277452923363
0.04132485146751175,0.9586751485324881
0.5688467130397485,0.43115328696025157
0.5232479501751507,0.4767520498248493
0.43545040640734944,0.5645495935926507
0.4493668418149843,0.5506331581850158
0.7112347321994326,0.28876526780056755
0.12430756441043853,0.8756924355895614
0.3745754808187485,0.6254245191812515
0.6250322411832169,0.374967758816783
0.1660456397691349,0.8339543602308652
0.1964182323686488,0.8035817676313514
0.0,1.0
0.10025312124118087,0.8997468787588192
0.35327611820282623,0.6467238817971738
0.0,1.0
0.51744314514577,0.48255685485423
0.06540931380472406,0.9345906861952762
0.0,1.0
5.551115123125783e-17,1.0
0.688108087397341,0.3118919126026591
0.596162660090866,0.4038373399091339
1.6653345369377348e-16,1.0
0.47497085600803496,0.5250291439919649
0.4585293927987553,0.5414706072012447
0.050486840924603295,0.9495131590753967
5.551115123125783e-17,1.0
5.551115123125783e-17,1.0
0.0,1.0
0.6876458255348227,0.3123541744651774
0.468397260705556,0.5316027392944441
0.0,1.0
0.48305191561815614,0.5169480843818439
0.4069789342411241,0.5930210657588758
0.5251770016513216,0.47482299834867847
0.3419248191639782,0.6580751808360218
1.1102230246251565e-16,1.0
0.5268077663335523,0.47319223366644764
0.5077806697158106,0.4922193302841894
1.1102230246251565e-16,0.9999999999999999
0.0,1.0
0.12897669652468752,0.8710233034753125
0.5285934283732825,0.4714065716267179
0.5529178314701655,0.44708216852983457
0.5669381588968895,0.43306184110311075
1.5265566588595902e-16,0.9999999999999998
0.13556145820912507,0.8644385417908752
1.1102230246251565e-16,1.0
0.0,1.0
0.5,0.5
5.551115123125783e-17,1.0
0.005213329596231589,0.9947866704037684
8.326672684688674e-17,1.0
0.2063374102655803,0.7936625897344197
0.7524577662392576,0.24754223376074233
0.1314854942824622,0.8685145057175379
0.05967720084863656,0.9403227991513636
0.5626134256909245,0.4373865743090757
0.5972533010024722,0.40274669899752774
0.5044077207685449,0.4955922792314551
0.0,1.0
0.5964465244401111,0.40355347555988913
0.5,0.5
0.04001420357030803,0.959985796429692
0.11465905583270486,0.8853409441672953
0.648005564891321,0.35199443510867895
4.440892098500626e-16,0.9999999999999996
0.5582562364050582,0.4417437635949417
0.0,1.0
0.5663076994474057,0.43369230055259417
0.5016977866352187,0.4983022133647813
0.42195274877870703,0.5780472512212929
1.1102230246251565e-16,1.0
0.012882662440337455,0.9871173375596626
0.10375673317648154,0.8962432668235184
0.6645035746520087,0.3354964253479914
0.45463374115287747,0.5453662588471226
0.5968268580859434,0.4031731419140567
3.3306690738754696e-16,0.9999999999999998
0.054871042296340794,0.9451289577036592
0.6462890119195545,0.3537109880804456
0.6223049994164344,0.3776950005835654
0.5700202945404751,0.42997970545952485
0.1655500379881261,0.8344499620118739
0.2064244384003343,0.7935755615996656
1.1102230246251565e-16,0.9999999999999999
0.6795015369780998,0.3204984630219003
0.6261936899094327,0.3738063100905674
2.7755575615628914e-17,1.0
0.38695537513904665,0.6130446248609533
0.1818461024076596,0.8181538975923404
0.5341692461129278,0.4658307538870722
0.4395479487125984,0.5604520512874016
0.5159845651668407,0.4840154348331593
0.5588949255130192,0.4411050744869806
0.6907366564571988,0.3092633435428013
0.5373319543358686,0.46266804566413144
0.44018506005978175,0.5598149399402182
0.3439307889452555,0.6560692110547446
0.05422054527058168,0.9457794547294183
0.2579141709975331,0.7420858290024669
0.1066237835988111,0.893376216401189
0.25745289223647366,0.7425471077635262
0.5109786664603434,0.4890213335396563
0.054748771074467045,0.9452512289255329
0.34571922343630396,0.654280776563696
0.7533925160443177,0.24660748395568266
5.551115123125783e-17,1.0
0.010691680303043691,0.9893083196969563
0.4043784265161762,0.5956215734838238
0.14727226673577143,0.8527277332642285
0.6062855529155615,0.3937144470844385
0.05237113574151296,0.9476288642584871
0.35524324140854385,0.644756758591456
0.28975744056931924,0.7102425594306808
0.07718617889459987,0.9228138211054002
0.5,0.5
0.5,0.5
0.6139448657231714,0.38605513427682864
0.5949630573081287,0.40503694269187124
0.0,1.0
5.551115123125783e-17,1.0
0.41104401796839635,0.5889559820316038
0.5624087953910121,0.43759120460898804
2.7755575615628914e-17,1.0
0.4070902078949292,0.5929097921050708
0.0,1.0
8.326672684688674e-17,1.0
0.5,0.5
0.0,1.0
0.0,1.0
2.7755575615628914e-16,0.9999999999999998
0.3194801104255838,0.6805198895744162
0.07677897499069186,0.9232210250093082
5.551115123125783e-17,1.0
0.5,0.5
0.2888391464948681,0.711160853505132
0.6311720755080579,0.3688279244919422
0.09267292387869967,0.9073270761213005
0.34393231334347124,0.6560676866565287
0.0,1.0
0.6144931513929918,0.3855068486070081
1.6653345369377348e-16,0.9999999999999998
0.5172241584847096,0.4827758415152904
2.7755575615628914e-16,0.9999999999999998
0.5874361179155315,0.4125638820844683
0.4462452133568978,0.5537547866431022
0.0,1.0
0.34371647840851366,0.6562835215914863
0.5705864197106902,0.4294135802893095
0.0,1.0
0.0,1.0
0.5964126438760105,0.4035873561239899
4.440892098500626e-16,0.9999999999999996
0.032812139156443265,0.9671878608435569
0.0,1.0
0.0,1.0
0.5,0.5
0.0,1.0
0.001691985022701481,0.9983080149772985
0.4568284913923454,0.5431715086076546
0.5881654221369558,0.4118345778630443
0.7492246634401758,0.2507753365598242
5.551115123125783e-17,0.9999999999999999
0.0,1.0
0.47979253439017744,0.5202074656098226
0.5457988709571009,0.45420112904289917
0.35442021951566066,0.6455797804843393
0.6229200303678173,0.37707996963218254
1.942890293094024e-16,0.9999999999999998
0.40561166872323007,0.5943883312767698
0.51744314514577,0.48255685485423
0.0,1.0
0.28719320847663865,0.7128067915233612
2.7755575615628914e-17,1.0
0.206300458996588,0.793699541003412
0.0,1.0
0.3371663577854635,0.6628336422145364
0.147424208833981,0.8525757911660191
0.5623950322800827,0.43760496771991764
0.13109119734368244,0.8689088026563176
0.1835019502716831,0.8164980497283169
0.0,1.0
0.038361236651992134,0.9616387633480079
1.3877787807814457e-16,0.9999999999999999
0.24727097650811597,0.7527290234918839
0.1480291035273138,0.8519708964726863
0.6319624253363734,0.36803757466362663
0.04853963965891545,0.9514603603410845
3.3306690738754696e-16,0.9999999999999998
0.5641085740241837,0.4358914259758164
0.4044131440656163,0.5955868559343838
0.5,0.5
0.26098152583964745,0.7390184741603526
0.6379058402584954,0.3620941597415047
0.38371147215366364,0.6162885278463364
0.0,1.0
5.551115123125783e-17,1.0
0.0,1.0
0.2593941766466532,0.7406058233533468
0.1042669124766499,0.89573308752335
0.5772485600257213,0.4227514399742785
0.06288816476853933,0.9371118352314607
0.04957581345272281,0.9504241865472772
0.6891530648393084,0.3108469351606916
0.6125815323989884,0.3874184676010119
0.6624633279117377,0.33753667208826227
5.551115123125783e-17,1.0
0.41627795764082226,0.5837220423591779
0.6232393414221756,0.3767606585778244
0.0,1.0
0.6037581776126123,0.39624182238738775
0.1474577946456846,0.8525422053543156
0.7000194899984838,0.299980510001516
0.0012157829426039427,0.9987842170573961
0.40427596928586645,0.5957240307141335
0.5747043785260968,0.42529562147390326
0.3297740346644974,0.6702259653355025
0.02040047351171501,0.9795995264882851
0.28965899833514785,0.7103410016648521
0.6088013008797594,0.3911986991202404
0.3974101694553065,0.6025898305446935
0.12898267049929396,0.871017329500706
0.0,1.0
0.0,1.0
0.025760350754430016,0.9742396492455697
2.7755575615628914e-16,0.9999999999999998
0.3036443752948553,0.6963556247051447
0.4789243944079639,0.5210756055920361
0.028371480616012138,0.9716285193839878
0.0,1.0
0.3509252183139324,0.6490747816860676
0.04381050088252475,0.9561894991174753
1.1102230246251565e-16,1.0
0.6530045079343529,0.3469954920656469
0.381912204254631,0.6180877957453689
0.6556996132389659,0.34430038676103425
0.34396064287017997,0.65603935712982
0.0,1.0
5.551115123125783e-17,1.0
0.5517524733105924,0.44824752668940765
0.4178001717181624,0.5821998282818377
0.37926536257030036,0.6207346374296998
0.5241093411402756,0.4758906588597245
0.0,1.0
0.5562517508350988,0.44374824916490113
0.1719952864256259,0.8280047135743741
5.551115123125783e-17,1.0
0.34398985965607576,0.6560101403439241
0.08460934950995348,0.9153906504900465
5.551115123125783e-17,1.0
0.5095522588418532,0.4904477411581467
0.13874376913828282,0.861256230861717
0.5,0.5
0.5722114377267388,0.4277885622732613
1.6653345369377348e-16,0.9999999999999999
0.5,0.5
0.4041783658921318,0.595821634107868
0.04837986828233966,0.9516201317176602
0.5164209879524828,0.48357901204751713
1.3877787807814457e-17,0.9999999999999999
0.042704106617693964,0.9572958933823059
0.29481727538565594,0.7051827246143441
1.474514954580286e-17,0.9999999999999999
0.5999870461965,0.4000129538035001
0.4873324840032739,0.5126675159967261
0.5758302860673441,0.42416971393265585
0.38755323901181166,0.6124467609881883
0.48916338398902104,0.5108366160109787
0.20637675159818542,0.7936232484018146
0.3444390575482115,0.6555609424517885
0.2196935570810865,0.7803064429189135
0.624338485938773,0.3756615140612272
0.454699786129619,0.545300213870381
0.0,1.0
0.5487842429712484,0.4512157570287517
0.5121771777460442,0.4878228222539558
0.40455647686021007,0.5954435231397899
0.19532616472947337,0.8046738352705266
0.20637308040580854,0.7936269195941915
0.427447431495192,0.5725525685048081
1.1102230246251565e-16,0.9999999999999999
0.4496457150244211,0.5503542849755789
0.510552528013997,0.489447471986003
0.6205276295732687,0.37947237042673126
0.6153293297006844,0.3846706702993156
0.0,1.0
0.25795480702861734,0.7420451929713826
0.0,1.0
0.5813913042165973,0.41860869578340265
0.5,0.5
0.05703801702765981,0.9429619829723401
0.16079396487394687,0.8392060351260531
0.08875540674398584,0.9112445932560141
0.47056970775276963,0.5294302922472303
0.6494565380869801,0.35054346191302005
0.412759612229168,0.5872403877708319
0.6038052305112314,0.3961947694887686
0.0,1.0
0.23525541340825828,0.7647445865917418
0.15973494124290893,0.8402650587570912
0.41275403086252827,0.5872459691374718
1.3877787807814457e-16,0.9999999999999999
1.1796119636642288e-16,1.0
0.35504448879510164,0.6449555112048984
0.5,0.5
0.0,1.0
0.029171424885448046,0.9708285751145519
0.2435157605489938,0.7564842394510061
5.551115123125783e-17,1.0
0.044264188298907166,0.9557358117010929
5.828670879282072e-16,0.9999999999999994
0.25803373639819027,0.7419662636018096
0.04046675989686249,0.9595332401031378
0.0,1.0
0.5040019552185534,0.4959980447814465
0.0,1.0
0.057109232390713145,0.9428907676092868
0.44165775939529395,0.558342240604706
0.5,0.5
0.5633271389870704,0.43667286101292935
0.5,0.5
0.22929371188735703,0.7707062881126431
0.5375005644085264,0.4624994355914735
0.0,1.0
0.3655093498764375,0.6344906501235625
0.5635507538889749,0.436449246111025
5.551115123125783e-17,1.0
0.17194203209360742,0.8280579679063925
0.16009193409555508,0.839908065904445
0.5569394798448215,0.44306052015517844
0.5,0.5
0.09723220883011773,0.9027677911698822
0.20633861795883546,0.7936613820411645
0.4136977371026726,0.5863022628973275
0.0,1.0
0.6253567369104666,0.3746432630895333
0.6861055775285467,0.31389442247145327
0.40083956731755527,0.5991604326824448
0.06463363963373048,0.9353663603662694
0.5703991487849225,0.4296008512150778
0.6255642420732318,0.37443575792676814
0.0,1.0
0.4043630412852632,0.5956369587147368
0.7429302277296169,0.25706977227038297
1.3877787807814457e-16,0.9999999999999999
0.5,0.5
0.5952335121833179,0.404766487816682
0.5159536198878069,0.4840463801121931
0.6477093262348447,0.3522906737651554
0.0,1.0
0.4017707844126842,0.5982292155873159
0.6038834584017617,0.39611654159823806
0.2943425584357838,0.7056574415642162
0.43869363905600933,0.5613063609439904
0.5,0.5
0.061749305908238385,0.9382506940917617
0.40052429586648974,0.5994757041335103
0.3721284605562688,0.6278715394437313
0.5491738081417092,0.4508261918582908
8.326672684688674e-17,0.9999999999999999
0.023173100639629542,0.9768268993603704
0.6825284767562444,0.3174715232437555
0.1718500082626392,0.8281499917373609
0.6814450056676713,0.3185549943323287
0.45768766046305454,0.5423123395369454
0.4200111889739683,0.5799888110260317
5.551115123125783e-17,1.0
0.5721967749441793,0.42780322505582064
1.1102230246251565e-16,1.0
0.6020481380520766,0.3979518619479233
0.0,1.0
0.04392628207331903,0.9560737179266809
8.326672684688674e-17,1.0
3.2959746043559335e-17,1.0
4.874572967494828e-16,0.9999999999999996
0.22317639723818453,0.7768236027618156
1.1102230246251565e-16,1.0
0.410209059715271,0.589790940284729
0.5538603201017982,0.4461396798982016
0.5,0.5
0.6190349156224355,0.3809650843775646
0.28869804971480806,0.7113019502851919
0.07370519715763933,0.9262948028423608
0.49869296464445245,0.5013070353555475
0.40417208467946786,0.5958279153205323
0.6040584208472317,0.39594157915276845
2.0599841277224584e-17,1.0
0.6263845261547218,0.3736154738452783
0.10651292175638416,0.8934870782436158
0.6542565133858969,0.345743486614103
0.4847011476104738,0.5152988523895262
1.1102230246251565e-16,1.0
0.25798543560241294,0.7420145643975872
0.6084816758688784,0.39151832413112153
0.5,0.5
0.026632679824727924,0.973367320175272
0.40436304030752274,0.5956369596924774
0.5445113730251359,0.455488626974864
7.632783294297951e-17,0.9999999999999999
0.008020390905902657,0.9919796090940973
1.1102230246251565e-16,0.9999999999999999
1.3877787807814457e-16,0.9999999999999998
0.03543977121264125,0.9645602287873587
0.20077053167264175,0.7992294683273582
0.5217625120666851,0.4782374879333151
0.5447580909126949,0.455241909087305
0.34397180571760816,0.656028194282392
0.3439547162388566,0.6560452837611432
0.5125296772274561,0.48747032277254393
1.1102230246251565e-16,1.0
5.551115123125783e-17,1.0
0.0,1.0
0.21469019150064333,0.7853098084993567
2.7755575615628914e-16,0.9999999999999998
0.25794476438948033,0.7420552356105198
0.7348811478494142,0.26511885215058595
0.4043630416081968,0.5956369583918031
0.48581370986895833,0.5141862901310417
0.25794953774852786,0.7420504622514721
5.551115123125783e-17,1.0
0.5976644199285523,0.4023355800714475
0.5879572362053229,0.41204276379467736
1.6653345369377348e-16,0.9999999999999998
0.054917549916084434,0.9450824500839154
1.1102230246251565e-16,1.0
0.0,1.0
0.0,1.0
0.5706482329755098,0.42935176702449024
0.0,1.0
0.27171119751597594,0.7282888024840242
0.5,0.5
1.0408340855860843e-17,1.0
1.6653345369377348e-16,0.9999999999999998
0.5296739368332473,0.4703260631667527
0.0,1.0
0.5,0.5
0.5306347410671409,0.46936525893285896
0.40789954727150846,0.5921004527284915
0.4417783945954165,0.5582216054045834
0.4127501810937292,0.5872498189062708
0.1052544624146824,0.8947455375853176
0.5440012673755052,0.45599873262449464
0.5,0.5
1.249000902703301e-16,1.0
0.4043784547302188,0.5956215452697812
0.5,0.5
0.19522907102253972,0.8047709289774604
0.0,1.0
2.220446049250313e-16,0.9999999999999998
0.34395096130124797,0.6560490386987521
0.5542577371763313,0.44574226282366874
0.6583169319943728,0.3416830680056273
0.34218308050185453,0.6578169194981455
0.493157431447806,0.5068425685521941
0.29465009924742575,0.7053499007525743
0.34396025696234706,0.656039743037653
0.5,0.5
0.6069752917615302,0.39302470823846986
0.5,0.5
0.0,1.0
3.469446951953614e-18,1.0
0.27405183350578677,0.7259481664942132
0.6174652130738574,0.3825347869261428
0.5585569053752697,0.44144309462473036
5.551115123125783e-17,1.0
0.5421349313274192,0.4578650686725807
0.03961066703033707,0.9603893329696628
0.5527880934591082,0.4472119065408919
8.326672684688674e-17,1.0
0.3811228052227912,0.6188771947772088
0.4589197622478988,0.5410802377521011
0.17308436853053868,0.8269156314694613
0.039169066405061875,0.9608309335949382
0.0,1.0
0.48778965447883416,0.5122103455211658
0.6030054459614277,0.39699455403857237
0.5725250685635116,0.42747493143648846
0.5918242447851747,0.40817575521482524
0.020156139250154782,0.9798438607498453
0.20390671949455275,0.7960932805054473
0.0,1.0
0.5165514847101175,0.4834485152898824
0.0,1.0
0.5700372074095236,0.4299627925904765
0.34397180571760816,0.656028194282392
0.45698987189504153,0.5430101281049587
0.6416260478657893,0.35837395213421064
0.11995015604087296,0.880049843959127
5.551115123125783e-17,1.0
2.7755575615628914e-17,1.0
1.249000902703301e-16,0.9999999999999999
0.04496465718066088,0.9550353428193391
1.3877787807814457e-16,1.0
0.0,1.0
0.691833618221237,0.3081663817787627
0.5148894424590711,0.48511055754092886
0.621209275358849,0.37879072464115116
0.0,1.0
0.5,0.5
0.16786238869639505,0.8321376113036051
3.191891195797325e-16,0.9999999999999997
0.19764852431470734,0.8023514756852927
0.0,1.0
0.6029286833480086,0.3970713166519914
0.07282277873450621,0.9271772212654937
8.326672684688674e-17,1.0
0.04960402492451604,0.9503959750754838
0.5972300312278573,0.4027699687721426
0.394516895294657,0.605483104705343
0.3591579953643351,0.6408420046356648
0.5882621405956373,0.41173785940436264
0.4365513923903559,0.5634486076096442
0.5013558704406023,0.4986441295593977
0.5984570877832504,0.40154291221674965
0.5926621563152082,0.4073378436847915
0.14738671097041195,0.8526132890295881
0.5441350694812975,0.4558649305187024
0.0,1.0
0.0,1.0
0.08838504116024938,0.9116149588397506
7.216449660063518e-16,0.9999999999999992
0.5752160281012647,0.42478397189873535
0.4906588540906693,0.5093411459093309
1.6653345369377348e-16,0.9999999999999998
0.0,1.0
0.5633058797350354,0.43669412026496457
0.5,0.5
0.04279505166403195,0.9572049483359678
0.20637023844139055,0.7936297615586094
0.2579397427241142,0.7420602572758859
0.0,1.0
0.3436513478123663,0.6563486521876338
0.04623060424034628,0.9537693957596537
0.6410035527004752,0.3589964472995248
0.06778406831735322,0.9322159316826467
0.0,1.0
0.2577920236036954,0.7422079763963046
0.5,0.5
0.0,1.0
0.6152637795833171,0.38473622041668293
0.5095607395681508,0.4904392604318491
0.5159190232028426,0.4840809767971575
0.20635001495358823,0.7936499850464117
0.05115088880920104,0.9488491111907991
0.40438179631433147,0.5956182036856685
0.05647667025030711,0.9435233297496929
0.5159662009797025,0.48403379902029753
0.2580614583374628,0.7419385416625373
0.0,1.0
0.2579756185533545,0.7420243814466457
6.245004513516506e-17,0.9999999999999999
0.1034727090024299,0.8965272909975702
0.4839124655440263,0.5160875344559739
0.6065532666785278,0.3934467333214723
0.48768699731041343,0.5123130026895866
4.163336342344337e-17,1.0
0.4340568620906392,0.5659431379093609
1.1102230246251565e-16,0.9999999999999999
5.551115123125783e-17,1.0
0.3057066884531533,0.6942933115468466
0.20637525815224525,0.7936247418477548
0.5,0.5
0.23299939827150162,0.7670006017284984
0.0,1.0
2.3071822230491534e-16,0.9999999999999998
0.6499423273996274,0.35005767260037257
0.0,1.0
0.45022354617679666,0.5497764538232034
0.5983622997469487,0.40163770025305123
0.5,0.5
0.02625428896016578,0.9737457110398344
0.6736507771654309,0.32634922283456924
0.5567107430637694,0.44328925693623056
0.0,1.0
0.0,1.0
0.47787068926079596,0.5221293107392042
0.34989217296242725,0.6501078270375727
0.34396301356184633,0.6560369864381536
0.7026907641207268,0.2973092358792728
0.1724333656213425,0.8275666343786574
0.5195286849125396,0.48047131508746044
0.07129117296672961,0.9287088270332703
0.5,0.5
0.0,1.0
0.5682148866395071,0.43178511336049297
0.07644591273661742,0.9235540872633826
0.5296240865252918,0.47037591347470825
0.16782299242745685,0.8321770075725431
1.1102230246251565e-16,1.0
0.4041783658921318,0.595821634107868
0.404360228567225,0.595639771432775
0.7035205059570552,0.2964794940429449
0.34574941889236965,0.6542505811076305
0.31185202584098326,0.6881479741590169
1.1102230246251565e-16,1.0
0.20170611786688494,0.7982938821331151
0.11688959803707438,0.8831104019629256
0.5139962702624888,0.4860037297375113
0.6191272268278095,0.38087277317219054
0.14722715435212602,0.852772845647874
0.11464948164563644,0.8853505183543634
0.015853942599922077,0.9841460574000779
0.5954062241578847,0.40459377584211537
0.29481748448050155,0.7051825155194984
0.7464557059634025,0.25354429403659756
0.44984190565827026,0.5501580943417297
0.6705503525263898,0.3294496474736104
2.7755575615628914e-16,0.9999999999999998
0.5213902750786614,0.4786097249213384
0.10098459040624556,0.8990154093891399
0.2580920459936915,0.7419079540063084
0.5573886531554638,0.44261134684453624
0.34413426776065426,0.6558657322393459
0.5695154110276641,0.43048458897233594
0.2062528845764317,0.7937471154235684
0.25802627114312887,0.7419737288568711
0.040166352762519585,0.9598336472374803
0.13100400469995443,0.8689959953000457
0.5,0.5
0.5358568001054569,0.46414319989454317
0.6240198742280428,0.3759801257719572
0.10141417392538093,0.8985858260746191
0.0,1.0
0.5600333390682181,0.43996666093178205
0.5076251514770199,0.4923748485229801
5.273559366969494e-16,0.9999999999999996
0.713028890548929,0.2869711094510711
0.0,1.0
0.5153241561346603,0.4846758438653397
0.13533546771733096,0.8646645322826693
0.20962580482190454,0.7903741951780955
4.440892098500626e-16,0.9999999999999996
2.7755575615628914e-17,1.0
0.4758072562089187,0.5241927437910813
0.007853806883817666,0.9921461931161825
5.551115123125783e-17,1.0
0.5432472790285402,0.45675272097145975
0.31940039918137614,0.6805996008186239
0.5489891465358537,0.4510108534641462
0.0,1.0
0.5360575558538825,0.46394244414611746
0.44218788222603717,0.5578121177739631
0.0,1.0
0.40439049874522215,0.595609501254778
0.06396381073883511,0.9360361892611648
0.6609596045992041,0.3390403954007959
0.5575926491166022,0.44240735088339755
0.5,0.5
0.6092337932169425,0.3907662067830575
5.551115123125783e-17,0.9999999999999999
0.0,1.0
1.1102230246251565e-16,1.0
0.37963303028498846,0.6203669697150113
2.7755575615628914e-17,1.0
5.204170427930421e-17,0.9999999999999999
0.2445616901202277,0.7554383098797723
0.0,1.0
1.1102230246251565e-16,1.0
0.3440571143827987,0.6559428856172013
0.5168877878778327,0.4831122121221674
0.5391665636739562,0.460833436326044
0.01737500529061274,0.9826249947093872
0.0,1.0
0.09249328570653853,0.9075067142934615
0.1146726660519929,0.8853273339480072
0.12901589093411217,0.8709841090658879
0.47885813972433733,0.5211418602756626
0.7073491657472077,0.2926508342527923
0.4523524028798349,0.5476475971201651
0.0,1.0
0.0,1.0
0.5433845187082057,0.4566154812917945
0.010390008731177314,0.9896099912688227
0.3628891669213772,0.6371108330786228
1.0408340855860843e-17,1.0
0.41291291912604994,0.5870870808739501
0.6029460622913138,0.3970539377086863
0.23507994679463065,0.7649200532053694
0.7639906482325951,0.23600935176740495
2.7755575615628914e-17,1.0
0.0,1.0
0.5,0.5
0.5160479424841832,0.4839520575158169
0.0,1.0
0.5559975813041902,0.4440024186958097
0.03822874397647082,0.9617712560235292
0.5,0.5
0.5337824098989367,0.4662175901010633
1.1102230246251565e-16,0.9999999999999999
1.6653345369377348e-16,0.9999999999999998
0.32781005012571734,0.6721899498742826
0.6519508375155832,0.3480491624844167
0.6601652867503768,0.3398347132496231
0.6993141666867563,0.30068583331324367
0.0,1.0
0.35668444260954857,0.6433155573904514
2.7755575615628914e-16,0.9999999999999998
0.5337823931518936,0.46621760684810654
0.34690113710572884,0.6530988628942713
0.4206081820525543,0.5793918179474457
0.6792770617772632,0.32072293822273684
0.5813710931840873,0.4186289068159128
0.6992728268748393,0.3007271731251608
0.5779236194221962,0.42207638057780394
0.0,1.0
0.5,0.5
0.4490896855235073,0.5509103144764927
5.551115123125783e-17,1.0
0.0,1.0
0.20645597172186456,0.7935440282781354
0.5337823931518936,0.46621760684810654
0.25797533282840585,0.7420246671715941
0.1655201079700247,0.8344798920299753
0.04660844431106409,0.9533915556889359
0.2059753040465738,0.7940246959534262
0.0,1.0
0.5926887725963578,0.4073112274036422
0.4100086648904854,0.5899913351095145
0.014682487881470904,0.9853175121185291
0.4037746257207953,0.5962253742792047
0.4951556802958567,0.5048443197041435
0.05836730826071795,0.9416326917392821
0.0,1.0
4.996003610813204e-16,0.9999999999999996
0.620511279564968,0.37948872043503223
0.0,1.0
6.106226635438361e-16,0.9999999999999993
5.551115123125783e-17,1.0
0.20639445117244382,0.7936055488275562
3.3306690738754696e-16,0.9999999999999998
0.41277963789741257,0.5872203621025874
0.47203837263104476,0.5279616273689551
1.6653345369377348e-16,1.0
0.6049819866152565,0.3950180133847436
0.20644638813977947,0.7935536118602206
0.5,0.5
0.40382310344466743,0.5961768965553326
0.14067015302166627,0.8593298469783337
0.5,0.5
0.0,1.0
2.7755575615628914e-16,0.9999999999999998
0.6444501446313479,0.3555498553686521
0.5,0.5
0.0,1.0
0.5984326013193628,0.40156739868063723
0.3570548670447173,0.6429451329552827
0.0561930085362218,0.9438069914637781
0.05698482703387073,0.9430151729661294
0.1723533254110016,0.8276466745889985
0.43991501898856594,0.5600849810114341
0.48912199093563186,0.5108780090643683
1.6653345369377348e-16,0.9999999999999998
5.551115123125783e-17,1.0
0.0,1.0
0.0,1.0
0.28127085698839666,0.7187291430116034
0.3686715877084875,0.6313284122915124
0.09491056806845119,0.9050894319315489
0.2786502617925273,0.7213497382074726
0.0,1.0
0.23324587543548164,0.7667541245645183
0.34391917430279184,0.6560808256972082
0.11540908268700581,0.8845909173129942
0.5,0.5
0.2063374102655803,0.7936625897344197
6.938893903907228e-17,1.0
0.1460989419542743,0.8539010580457258
0.0,1.0
0.0,1.0
0.06966868784357723,0.9303313121564227
0.0,1.0
0.4193346354761143,0.5806653645238856
0.34059329851074355,0.6594067014892563
5.551115123125783e-17,0.9999999999999999
0.12486258186726472,0.8751374181327353
0.5,0.5
0.12933593876823765,0.8706640612317623
5.551115123125783e-17,1.0
0.5,0.5
0.5734555709987639,0.426544429001236
0.0628741392434455,0.9371258607565546
1.6653345369377348e-16,0.9999999999999998
0.2567901517280073,0.7432098482719928
0.5,0.5
0.4127468757664407,0.5872531242335591
5.551115123125783e-17,1.0
0.0,1.0
0.6405008505318401,0.35949914946815986
0.0,1.0
0.5160841452629282,0.4839158547370718
0.09906903302792704,0.900930966972073
0.2772324460320964,0.7227675539679035
0.4067299481063524,0.5932700518936477
0.5804919112233883,0.41950808877661183
5.551115123125783e-17,1.0
1.1102230246251565e-16,1.0
0.10277440643904685,0.8972255935609531
0.006841606912251471,0.9931583930877484
5.551115123125783e-17,1.0
0.34359753932663717,0.6564024606733628
0.0,1.0
1.942890293094024e-16,0.9999999999999999
0.515916140546108,0.4840838594538918
0.37401301341941623,0.6259869865805837
4.440892098500626e-16,0.9999999999999997
0.0,1.0
0.17192652059157737,0.8280734794084228
0.0,1.0
0.0,1.0
1.3877787807814457e-16,0.9999999999999999
0.13657950801024146,0.8634204919897586
5.551115123125783e-17,1.0
0.0,1.0
0.45934447395003947,0.5406555260499606
0.2579559886787831,0.742044011321217
0.0,1.0
0.18412892681308837,0.8158710731869117
1.1102230246251565e-16,1.0
0.46339686097333693,0.5366031390266631
0.42807056723610104,0.5719294327638991
0.20637609999398188,0.7936239000060181
0.0,1.0
0.3303418103605509,0.6696581896394491
1.1102230246251565e-16,1.0
0.48013289605084664,0.5198671039491534
0.6492319999249795,0.35076800007502046
0.206456573560615,0.793543426439385
2.220446049250313e-16,0.9999999999999998
2.7755575615628914e-17,1.0
0.3703529126942158,0.6296470873057842
0.289888094091686,0.7101119059083141
0.16517134537158573,0.8348286546284143
0.0,1.0
5.551115123125783e-17,1.0
0.523979552090168,0.476020447909832
0.3095924682172584,0.6904075317827416
0.6290253926618479,0.37097460733815235
0.2580426703057723,0.7419573296942277
0.13891458400178586,0.8610854159982141
0.20634906450072604,0.793650935499274
0.5159522175696966,0.4840477824303035
0.496350777935272,0.5036492220647281
0.6528849100336758,0.3471150899663241
0.08984953904167522,0.9101504609583246
0.5243621615588074,0.4756378384411926
0.4128921611725955,0.5871078388274046
0.43760182112647417,0.5623981788735257
1.5265566588595902e-16,0.9999999999999999
0.11167986138929344,0.8883201386107067
0.5,0.5
1.1102230246251565e-16,1.0
0.004199382102504055,0.9958006178974961
0.2055887718365605,0.7944112281634395
0.43595666507190584,0.5640433349280941
0.3515961209576467,0.6484038790423533
0.4779179494796496,0.5220820505203505
0.6985512175152909,0.301448782484709
0.6870984347079578,0.3129015652920423
2.7755575615628914e-16,0.9999999999999998
0.0,1.0
0.17400921760189858,0.8259907823981013
0.14773378836791967,0.8522662116320803
0.04430427452594807,0.9556957254740519
0.0,1.0
0.07484928528661601,0.9251507147133841
0.3439427948763198,0.6560572051236803
0.4045099221301676,0.5954900778698324
0.5690008267417718,0.43099917325822823
0.4505693395236432,0.5494306604763567
0.39331671239465915,0.606683287605341
0.026234450567794637,0.9737655494322055
0.2058734193996212,0.7941265806003787
0.533691593182416,0.46630840681758406
0.5916700543448892,0.4083299456551108
0.500206609070301,0.49979339092969893
0.2579242754801795,0.7420757245198206
8.326672684688674e-17,1.0
0.4192770368410139,0.5807229631589863
0.10177465457018875,0.8982253454298113
0.5455696645061767,0.45443033549382345
0.0,1.0
0.20556748910089562,0.7944325108991044
0.7327644967320486,0.2672355032679514
0.3439447714826482,0.6560552285173518
0.4185535775237836,0.5814464224762164
0.5,0.5
0.005825618524041751,0.9941743814759583
1.3877787807814457e-16,1.0
0.3700410230779043,0.6299589769220958
0.49225661011472693,0.5077433898852731
0.0,1.0
0.4049494369459576,0.5950505630540425
0.21970306664066927,0.7802969333593307
0.294822439181814,0.7051775608181861
0.0,1.0
0.08368790067671388,0.9163120993232863
0.6480055914816357,0.3519944085183643
0.09170158889270286,0.9082984111072973
2.7755575615628914e-16,0.9999999999999998
0.09216103544836382,0.9078389645516363
0.5603311939034289,0.4396688060965711
0.03315972944140053,0.9668402705585996
0.0,1.0
2.7755575615628914e-17,1.0
2.8796409701215e-16,0.9999999999999998
0.4509085240623157,0.5490914759376846
0.5,0.5
0.5989686537006546,0.4010313462993453
0.0,1.0
0.468020415406039,0.5319795845939608
0.48350944679657304,0.516490553203427
2.7755575615628914e-17,1.0
0.40438016433071966,0.5956198356692803
2.7755575615628914e-17,1.0
0.11187738886950749,0.8881226111304925
0.6761522231482906,0.3238477768517094
0.023322957816326043,0.976677042183674
0.04852612280318139,0.9514738771968186
0.0,1.0
0.5,0.5
0.14740355837366798,0.852596441626332
2.220446049250313e-16,0.9999999999999998
1.6653345369377348e-16,0.9999999999999998
0.558852372490091,0.44114762750990877
0.5105345358770309,0.4894654641229691
0.4523525731848201,0.5476474268151799
0.4157254071646388,0.5842745928353612
1.1102230246251565e-16,1.0
0.0,1.0
0.5,0.5
0.5,0.5
0.0,1.0
0.4912588375680923,0.5087411624319078
0.25798026845104705,0.7420197315489528
0.0534754395344363,0.9465245604655638
0.0,1.0
0.5591564446447627,0.44084355535523745
0.0,1.0
0.025961843184382088,0.9740381568156179
0.0,1.0
0.43532816347135533,0.5646718365286449
0.0,1.0
0.6221794575765913,0.3778205424234085
0.46246412731679465,0.5375358726832054
0.5,0.5
0.5330714821141788,0.4669285178858214
0.5,0.5
9.020562075079397e-17,0.9999999999999999
0.0,1.0
0.0,1.0
0.0,1.0
0.5,0.5
0.20634709558050912,0.7936529044194909
0.22939079698574272,0.7706092030142574
0.4748245568202768,0.5251754431797231
0.5751261311812694,0.42487386881873057
0.7058202684298582,0.2941797315701418
0.0,1.0
7.216449660063518e-16,0.9999999999999992
0.4026554371428344,0.5973445628571656
0.14731311969358135,0.8526868803064188
0.010981523674155504,0.9890184763258445
0.11820438886484244,0.8817956111351576
1.6653345369377348e-16,1.0
0.0,1.0
0.42144070629744157,0.5785592937025583
0.0,1.0
0.4121897988842614,0.5878102011157387
0.0,1.0
0.5205747452316684,0.47942525476833164
5.551115123125783e-17,0.9999999999999999
0.5,0.5
0.0,1.0
4.996003610813204e-16,0.9999999999999996
0.5521677375585486,0.44783226244145113
5.551115123125783e-17,1.0
0.3869929098250075,0.6130070901749924
0.5877870004477721,0.41221299955222773
0.17203955229787257,0.8279604477021274
0.4273253194987774,0.5726746805012226
0.05288469046673662,0.9471153095332636
0.5862522707822325,0.4137477292177676
0.7163593456784565,0.28364065432154356
0.13355838024232639,0.8664416197576736
0.5,0.5
4.996003610813204e-16,0.9999999999999996
0.10176639205461957,0.8982336079453807
0.20639086569268703,0.793609134307313
0.41274687598160004,0.5872531240184
0.2057684071432903,0.7942315928567097
0.0,1.0
0.42122029329514665,0.5787797067048533
1.1102230246251565e-16,1.0
1.1102230246251565e-16,0.9999999999999999
0.6315520113167514,0.3684479886832485
0.5809207881898285,0.4190792118101715
0.5,0.5
0.44915942424846866,0.5508405757515311
0.2948854875460366,0.7051145124539634
0.0,1.0
0.011462902398801378,0.9885370976011986
0.0,1.0
0.04598049324023302,0.9540195067597671
1.6653345369377348e-16,0.9999999999999998
0.34394587784201386,0.6560541221579862
0.1719630290215076,0.8280369709784924
0.07011912771264538,0.9298808722873546
0.0,1.0
0.5360042635835774,0.46399573641642244
0.41369840008512015,0.5863015999148797
4.440892098500626e-16,0.9999999999999997
0.39251813665032464,0.6074818633496754
0.16914815828204322,0.8308518417179569
0.6186486029109746,0.38135139708902543
0.10637913836614266,0.8936208616338575
0.4650771993007304,0.5349228006992697
0.0,1.0
0.417610652211307,0.5823893477886929
0.5247054059186217,0.4752945940813782
0.0007406406494113376,0.9992593593505886
0.25755962791534537,0.7424403720846545
0.5804145095176689,0.41958549048233107
0.5530629542511691,0.4469370457488307
0.14784026530744365,0.8521597346925565
0.0,1.0
0.35232089321095145,0.6476791067890486
0.7990820912005282,0.20091790879947186
0.021248427120018818,0.978751572879981
0.5,0.5
0.5851621684244832,0.4148378315755168
0.20560129233710134,0.7943987076628988
7.216449660063518e-16,0.9999999999999992
0.0,1.0
0.5358385758756506,0.4641614241243494
0.2579704831595829,0.7420295168404171
0.5085549010184782,0.4914450989815216
0.0,1.0
0.5959172922454333,0.40408270775456656
5.551115123125783e-17,1.0
0.40441316480431827,0.5955868351956818
0.5,0.5
0.6627116897434965,0.33728831025650347
0.14664487412299979,0.8533551258770004
0.20646044233765073,0.7935395576623493
0.5129023041729127,0.4870976958270874
0.5,0.5
0.05301245857336205,0.946987541426638
0.612396040319861,0.3876039596801391
0.14729899884070968,0.8527010011592905
0.14738358595588277,0.8526164140441174
5.551115123125783e-17,1.0
0.3437947484377334,0.6562052515622667
2.7755575615628914e-16,0.9999999999999998
0.5968857568991887,0.40311424310081156
0.2579777845291077,0.7420222154708923
0.5163287334683903,0.4836712665316098
0.14739440895664174,0.8526055910433583
0.31255028075917435,0.6874497192408255
2.7755575615628914e-17,0.9999999999999999
0.4477938738688991,0.5522061261311009
0.0,1.0
2.7755575615628914e-17,1.0
0.6739355216286731,0.3260644783713267
0.3336381071584467,0.6663618928415533
0.027688136706985018,0.972311863293015
0.5488999661530077,0.4511000338469922
0.48584427674123754,0.5141557232587625
0.41261285625500144,0.5873871437449982
5.551115123125783e-17,1.0
0.5164430822059513,0.4835569177940488
0.5,0.5
2.3418766925686896e-16,0.9999999999999999
0.20567107994791178,0.7943289200520881
0.3439603228515589,0.6560396771484412
0.5311106867407503,0.4688893132592498
1.1102230246251565e-16,1.0
0.0,1.0
0.7404094150735959,0.25959058492640413
0.2066332674945059,0.7933667325054942
0.45083506214000885,0.5491649378599911
0.5,0.5
0.02072139967822257,0.9792786003217774
0.0,1.0
0.5391665518845712,0.46083344811542887
0.0,1.0
0.032511866207511377,0.9674881337924887
0.6073074160019306,0.3926925839980693
4.996003610813204e-16,0.9999999999999997
0.2956844351805271,0.704315564819473
0.46509463345647595,0.534905366543524
0.3439560786624628,0.6560439213375372
0.0,1.0
0.3802314028143883,0.6197685971856117
0.5126564684598921,0.48734353154010773
0.0,1.0
0.0,1.0
4.163336342344337e-17,1.0
0.0,1.0
0.48280311408110316,0.517196885918897
4.440892098500626e-16,0.9999999999999997
0.2068421154507505,0.7931578845492495
0.41275634383186366,0.5872436561681365
0.0,1.0
1.6653345369377348e-16,0.9999999999999998
0.4425007752409274,0.5574992247590725
0.5985115390140233,0.40148846098597657
0.38515513399798185,0.6148448660020182
0.17190763735130912,0.8280923626486908
0.5661065311142561,0.43389346888574387
0.6848262344501552,0.3151737655498447
0.09435568495362975,0.9056443150463702
0.0,1.0
0.22131966685584906,0.7786803331441509
0.0,1.0
0.5649450486745042,0.4350549513254957
0.4726039472317863,0.5273960527682137
0.002982849312360775,0.9970171506876392
0.41275331420973294,0.5872466857902672
0.0,1.0
0.5,0.5
0.5,0.5
0.0,1.0
1.1102230246251565e-16,0.9999999999999999
1.1102230246251565e-16,0.9999999999999999
0.0,1.0
0.0,1.0
0.633226813180169,0.36677318681983107
4.440892098500626e-16,0.9999999999999997
0.1453816554177365,0.8546183445822635
0.5000910367816687,0.49990896321833134
0.0,1.0
0.5,0.5
2.7755575615628914e-16,0.9999999999999998
0.5093877924949225,0.4906122075050775
1.1102230246251565e-16,0.9999999999999999
0.0,1.0
5.551115123125783e-17,1.0
0.2987342228868734,0.7012657771131264
0.0,1.0
0.34397766961457216,0.6560223303854279
0.6028704327581367,0.3971295672418633
0.0,1.0
0.5938926976961433,0.4061073023038566
1.6653345369377348e-16,0.9999999999999998
1.942890293094024e-16,0.9999999999999999
0.0,1.0
0.5089712836790957,0.4910287163209043
0.0,1.0
5.551115123125783e-17,1.0
5.551115123125783e-17,1.0
0.7533600870629762,0.24663991293702392
0.5,0.5
0.45407091607771904,0.5459290839222811
0.5004057928919792,0.49959420710802077
0.06481127147841736,0.9351887285215826
0.3467628174179357,0.6532371825820644
4.996003610813204e-16,0.9999999999999996
0.3366498379036784,0.6633501620963216
0.3493962474167363,0.6506037525832638
0.5224299766123291,0.47757002338767085
9.367506770274758e-16,0.999999999999999
1.5265566588595902e-16,0.9999999999999998
0.11810616419032773,0.8818938358096723
0.02833810731518839,0.9716618926848117
5.551115123125783e-17,1.0
6.938893903907228e-17,1.0
0.8059106976273138,0.1940893023726861
0.39251813665032464,0.6074818633496754
0.5345593458060911,0.4654406541939089
0.0,1.0
1.1102230246251565e-16,1.0
0.005543126864538898,0.994456873135461
4.440892098500626e-16,0.9999999999999997
0.6650640773178804,0.3349359226821197
0.5160761713425476,0.48392382865745254
0.0,1.0
0.5766455754695212,0.4233544245304787
0.3281852876301966,0.6718147123698034
0.0,1.0
0.5113624181943639,0.4886375818056361
3.608224830031759e-16,0.9999999999999997
0.4907025082117737,0.5092974917882264
0.5174431613536914,0.48255683864630855
0.37147634476423275,0.6285236552357674
0.0,1.0
0.0,1.0
0.5,0.5
0.0,1.0
0.0720296593639015,0.9279703406360984
0.4607194777653094,0.5392805222346907
0.5309267254918815,0.46907327450811853
0.43426236447648925,0.5657376355235108
0.2579397427241142,0.7420602572758859
0.3439288565455896,0.6560711434544105
0.25797702119091465,0.7420229788090853
0.49315861879691264,0.5068413812030876
0.05208276313699433,0.9479172368630057
0.17207093944329982,0.8279290605567003
0.4116736800322233,0.5883263199677767
0.0,1.0
0.4461589596300731,0.5538410403699269
0.46734746464893834,0.5326525353510617
0.27392413583008407,0.726075864169916
0.6381851407701244,0.36181485922987544
0.6278647081849642,0.37213529181503585
5.551115123125783e-17,0.9999999999999999
0.10521822211558947,0.8947817778844105
0.06778986623186727,0.9322101337681328
0.5,0.5
0.5898667710180857,0.41013322898191434
0.2063918962775049,0.7936081037224951
0.06332597949484474,0.9366740205051552
0.0,1.0
0.03342849950415812,0.966571500495842
0.6365477896128887,0.3634522103871113
0.4914383446985618,0.5085616553014382
0.07119976212350901,0.928800237876491
0.07734622861661922,0.9226537713833809
0.01783518156840859,0.9821648184315914
0.0,1.0
5.551115123125783e-17,1.0
0.5177218670843005,0.48227813291569943
0.2330722557469578,0.7669277442530423
0.0461275221360651,0.9538724778639349
0.1951979610467744,0.8048020389532254
5.551115123125783e-17,1.0
0.062298050190332806,0.9377019498096673
5.551115123125783e-17,1.0
0.0,1.0
0.6352555817475575,0.36474441825244247
0.4039312089520827,0.5960687910479173
0.0,1.0
1.1102230246251565e-16,1.0
0.5539017001067122,0.44609829989328786
0.5918434321509214,0.4081565678490788
0.5,0.5
5.551115123125783e-17,1.0
0.6100462059221559,0.3899537940778439
0.5,0.5
0.4226214780079598,0.5773785219920402
0.42743299110852867,0.5725670088914713
0.0,1.0
0.29482816901077774,0.7051718309892222
0.5,0.5
5.551115123125783e-17,1.0
5.551115123125783e-17,1.0
0.46144187016602095,0.5385581298339789
0.5531014169073526,0.44689858309264757
0.0,1.0
0.0,1.0
0.0,1.0
0.41651709005236626,0.5834829099476337
0.5696587497870638,0.4303412502129362
0.6199752852321353,0.38002471476786487
0.5,0.5
0.6171162737588268,0.38288372624117323
0.6123968591440984,0.38760314085590153
1.1102230246251565e-16,1.0
0.629332939440725,0.3706670605592747
3.122502256758253e-16,0.9999999999999997
0.34396643370797686,0.6560335662920231
0.0819620933266306,0.9180379066733694
0.2579766372757357,0.7420233627242643
0.0,1.0
1.3877787807814457e-17,1.0
0.5535145757120011,0.44648542428799876
0.5,0.5
0.5267025213796409,0.47329747862035876
2.7755575615628914e-17,1.0
0.042860093285492916,0.957139906714507
0.6026139256329576,0.3973860743670425
0.7013715771792604,0.29862842282073987
0.40438253770467214,0.595617462295328
0.6380072105387622,0.36199278946123775
0.36659898480805597,0.633401015191944
0.47782157036360756,0.5221784296363924
0.39251813665032464,0.6074818633496754
0.0,1.0
0.5162096003651372,0.48379039963486287
0.6716732963874225,0.3283267036125775
0.023317781770598765,0.9766822182294013
1.1102230246251565e-16,1.0
0.0,1.0
2.7755575615628914e-17,1.0
0.6150868539032325,0.3849131460967675
0.6432865589405115,0.35671344105948866
0.622968600880858,0.37703139911914213
0.7219099751411994,0.2780900248588007
0.49665474004833043,0.5033452599516695
0.44495268934592414,0.5550473106540758
0.6444500924056933,0.35554990759430677
1.1102230246251565e-16,1.0
2.220446049250313e-16,0.9999999999999998
0.0,1.0
0.20637917505168393,0.793620824948316
3.3306690738754696e-16,0.9999999999999998
2.7755575615628914e-17,1.0
5.551115123125783e-17,1.0
0.5911962698035388,0.40880373019646116
0.4422361426422504,0.5577638573577496
0.5,0.5
0.09207384129533852,0.9079261587046616
5.551115123125783e-17,1.0
0.5153658415226152,0.48463415847738484
0.12943211548498185,0.8705678845150185
0.3515245126873577,0.6484754873126426
0.612861160512854,0.3871388394871459
0.42586182385756977,0.5741381761424301
1.6653345369377348e-16,0.9999999999999998
0.4940958924908175,0.5059041075091825
0.0,1.0
0.6116204885006117,0.3883795114993881
0.17200730381699791,0.8279926961830021
0.7748237311714005,0.22517626882859956
0.6451019153619997,0.3548980846380004
0.6303501021768793,0.3696498978231208
0.05431455276042543,0.9456854472395745
2.220446049250313e-16,0.9999999999999998
0.606095938346729,0.3939040616532711
0.4043630412852632,0.5956369587147368
0.49688531423729787,0.5031146857627021
0.17201313754059724,0.8279868624594028
0.0,1.0
0.0,1.0
0.0,1.0
0.451196956494738,0.548803043505262
0.0376341959633149,0.962365804036685
0.478989494772046,0.5210105052279538
0.0,1.0
0.04950580788628053,0.9504941921137195
0.5,0.5
0.15164929683570108,0.848350703164299
0.2055140154858869,0.7944859845141131
1.1102230246251565e-16,1.0
0.0,1.0
0.3051981398279005,0.6948018601720996
0.5160613784432428,0.4839386215567573
0.43172636414779947,0.5682736358522007
0.5159373085764869,0.4840626914235132
0.599331375475455,0.400668624524545
0.0,1.0
0.05399075553696386,0.9460092444630361
0.0,1.0
0.6533048081141148,0.3466951918858854
0.11817347869317815,0.8818265213068219
0.0,1.0
0.032555775061592,0.9674442249384079
0.02145062381557129,0.9785493761844286
0.09765032522254848,0.9023496747774515
0.3675932600573267,0.6324067399426734
0.0,1.0
0.4807773046132098,0.5192226953867902
0.05909873489819186,0.9409012651018083
0.2591985551954051,0.740801444804595
5.551115123125783e-17,1.0
0.5,0.5
0.554163355870256,0.4458366441297442
0.5013163470848403,0.49868365291515976
0.6341607952501428,0.36583920474985715
0.6622533060110816,0.3377466939889183
1.1102230246251565e-16,1.0
0.6837900384788858,0.31620996152111414
0.49361788829246755,0.5063821117075324
5.551115123125783e-17,1.0
0.3439659219074236,0.6560340780925764
0.5,0.5
4.0245584642661925e-16,0.9999999999999997
0.6178823396246232,0.38211766037537687
0.5,0.5
0.012820561292109808,0.9871794387078904
0.5104428972329381,0.4895571027670618
0.40083880332255434,0.5991611966774457
0.11609634671168628,0.8839036532883137
0.31939031700025083,0.6806096829997492
0.0,1.0
0.0,1.0
0.0,1.0
0.0,1.0
0.0,1.0
0.289697061158509,0.710302938841491
0.5182121202168598,0.48178787978314025
0.5,0.5
0.4043784263635185,0.5956215736364815
0.4027695654352357,0.5972304345647643
0.6262374130190455,0.3737625869809546
0.0,1.0
0.25788957095196346,0.7421104290480367
0.3856419697403908,0.6143580302596092
0.5,0.5
0.5878360805053553,0.4121639194946446
0.5,0.5
3.3306690738754696e-16,0.9999999999999998
0.7065072168577134,0.29349278314228666
0.0,1.0
1.1102230246251565e-16,0.9999999999999999
0.0,1.0
1.1102230246251565e-16,1.0
0.5,0.5
6.938893903907228e-17,1.0
0.3439574198684188,0.6560425801315812
0.0,1.0
0.10228893894919917,0.8977110610508009
0.7502046680137423,0.24979533198625764
0.6797036314325798,0.3202963685674201
0.34396438625775505,0.6560356137422448
0.04803251353262879,0.9519674864673713
0.0,1.0
5.551115123125783e-17,1.0
0.5955534073275657,0.4044465926724342
0.5564819847705018,0.44351801522949835
2.7755575615628914e-16,0.9999999999999998
0.16611358026516387,0.8338864197348361
0.09732396919865811,0.9026760308013418
0.0,1.0
0.5,0.5
0.048156444164709065,0.9518435558352909
0.0,1.0
0.07406993668703739,0.9259300633129627
0.3438901023114875,0.6561098976885125
0.48349364823707863,0.5165063517629215
0.6872792291138594,0.31272077088614053
5.551115123125783e-17,1.0
5.551115123125783e-17,1.0
0.27131073056497457,0.7286892694350254
0.5975165995848887,0.4024834004151115
0.0603472173722018,0.9396527826277982
0.11685306142865816,0.8831469385713419
0.30474167130887514,0.6952583286911249
0.658971656705299,0.34102834329470094
2.7755575615628914e-17,1.0
0.6162235392380672,0.3837764607619329
0.5849772518143178,0.4150227481856822
0.0,1.0
0.5812043177399017,0.4187956822600982
0.541889176106624,0.4581108238933761
0.0,1.0
0.4323894790297182,0.567610520970282
4.163336342344337e-16,0.9999999999999997
0.5160516755814379,0.4839483244185621
0.18769592207310482,0.8123040779268952
5.551115123125783e-17,1.0
0.5,0.5
0.11463601147747693,0.8853639885225231
0.14782482246349096,0.8521751775365091
0.3439328277266052,0.656067172273395
0.5896830479020447,0.41031695209795527
0.6701294714332447,0.3298705285667555
0.4631269810464755,0.5368730189535244
0.653434034556083,0.346565965443917
0.5,0.5
0.07459498679762992,0.92540501320237
0.4559729068852027,0.5440270931147972
0.5393146014131764,0.4606853985868235
0.4612708612922333,0.5387291387077668
0.7052960445125385,0.2947039554874614
0.6064216290148845,0.3935783709851154
0.36091174171272694,0.6390882582872729
0.6016959413897668,0.3983040586102331
0.0,1.0
1.6653345369377348e-16,0.9999999999999998
0.5947212596921774,0.4052787403078225
0.0,1.0
0.5286896093077296,0.4713103906922705
0.11844039138566541,0.8815596086143346
0.14242704207361295,0.857572957926387
0.0,1.0
0.34405711557650154,0.6559428844234985
0.5293642878532412,0.470635712146759
0.0,1.0
0.20639621591490395,0.7936037840850962
0.5414081354633518,0.45859186453664813
0.0039993574507039475,0.9960006425492961
1.1102230246251565e-16,1.0
2.7755575615628914e-17,1.0
0.5890599670719895,0.4109400329280107
0.40452541544546927,0.5954745845545305
0.5561350227441333,0.44386497725586677
0.3943417647048889,0.6056582352951113
0.5884429446519617,0.4115570553480382
2.7755575615628914e-17,1.0
1.1102230246251565e-16,1.0
0.0,1.0
0.5143520594799551,0.48564794052004495
0.034193218297023716,0.9658067817029762
0.4050724896391646,0.5949275103608354
0.042382294701353226,0.9576177052986468
0.5596567627008104,0.4403432372991896
0.5,0.5
0.0,1.0
0.6847429136262385,0.3152570863737615
0.5,0.5
0.39441084668152243,0.6055891533184776
5.551115123125783e-17,0.9999999999999999
0.671547997180121,0.3284520028198789
0.0,1.0
0.6179088445614134,0.3820911554385864
0.5441641723963455,0.4558358276036545
3.191891195797325e-16,0.9999999999999997
0.258087504974173,0.7419124950258269
0.41273382939317094,0.5872661706068291
0.6008033123974039,0.3991966876025963
0.1151983699739658,0.8848016300260342
0.0,1.0
7.216449660063518e-16,0.9999999999999992
0.06291980324344387,0.9370801967565562
0.43061966826084824,0.5693803317391517
2.7755575615628914e-16,0.9999999999999998
0.40301230940424937,0.5969876905957505
0.5631146771940492,0.4368853228059507
0.5612428355186257,0.4387571644813743
0.6210020182854464,0.3789979817145536
0.6039019764895236,0.3960980235104764
0.6864980689724253,0.31350193102757457
0.17197269347362054,0.8280273065263793
0.20643170230087338,0.7935682976991265
0.5,0.5
0.6191716343478626,0.3808283656521374
0.0,1.0
0.4830632713535253,0.516936728646475
0.3423584580180126,0.6576415419819873
1.1102230246251565e-16,1.0
0.5269010136749641,0.4730989863250358
0.3997946865856648,0.6002053134143353
0.5148762293640556,0.4851237706359443
0.37828508927488014,0.62171491072512
0.4889793126866777,0.5110206873133224
0.3194449383805643,0.6805550616194355
0.5398916113891914,0.4601083886108085
0.09667372828938736,0.9033262717106125
0.45990798291210977,0.5400920170878902
0.23524527322295052,0.7647547267770494
0.35913147032260895,0.640868529677391
0.6720870848627154,0.3279129151372844
0.6205113082322609,0.37948869176773903
0.4043784265161762,0.5956215734838238
0.6380655607243678,0.361934439275632
0.1146628505509804,0.8853371494490196
0.20614918784965108,0.7938508121503488
0.3424050836494407,0.6575949163505594
0.6543650807307088,0.34563491926929135
0.647489175510527,0.3525108244894731
0.39953641965985304,0.600463580340147
0.0,1.0
0.4737735551402497,0.5262264448597506
0.5001807831227779,0.4998192168772221
0.5183052808708538,0.48169471912914613
0.5,0.5
0.3567167315632105,0.6432832684367895
0.0,1.0
0.6513574235769838,0.34864257642301605
0.7117595942668935,0.28824040573310655
0.3780985433733687,0.6219014566266312
4.440892098500626e-16,0.9999999999999997
0.6443524855308967,0.3556475144691033
0.14742111507531877,0.8525788849246814
0.5159820476931617,0.4840179523068383
0.0,1.0
0.5,0.5
0.2897486513958089,0.7102513486041909
0.6233408726420506,0.3766591273579494
1.1102230246251565e-16,1.0
0.5197031861049152,0.48029681389508494
0.5557689601456964,0.4442310398543036
0.6065005616945751,0.393499438305425
7.216449660063518e-16,0.9999999999999992
6.730727086790012e-16,0.9999999999999993
0.4509575371847793,0.5490424628152206
0.0,1.0
0.0,1.0
0.1473995759431907,0.8526004240568092
0.2579653009259691,0.742034699074031
0.17203955229787257,0.8279604477021274
0.0,1.0
0.6125590702160522,0.3874409297839477
0.14737368808853,0.85262631191147
0.2062778480638426,0.7937221519361574
0.35054428316652775,0.6494557168334723
0.6713395435492541,0.32866045645074576
5.551115123125783e-17,1.0
0.02230740218412152,0.9776925978158785
0.2961493052742286,0.7038506947257713
0.01233417886433632,0.9876658211356637
0.0,1.0
0.764362718415523,0.2356372815844771
1.1102230246251565e-16,1.0
0.0,1.0
0.7490954143684905,0.25090458563150964
0.0,1.0
0.7070068304534184,0.2929931695465816
2.7755575615628914e-16,0.9999999999999998
0.6787410526116457,0.32125894738835425
0.5159820476931617,0.4840179523068383
0.012305458640723237,0.9876945413592768
0.0,1.0
0.3083619194812738,0.6916380805187262
0.0013065935573018073,0.9986934064426981
0.0,1.0
0.6450119012917253,0.35498809870827447
5.551115123125783e-17,1.0
0.5199947189429132,0.4800052810570869
0.4770402637180644,0.5229597362819356
0.3735424354672433,0.6264575645327567
0.038779475785257485,0.9612205242147426
0.6370620667805432,0.3629379332194566
4.440892098500626e-16,0.9999999999999997
0.24248728482834372,0.7575127151716564
0.1857604283768583,0.8142395716231416
0.0,1.0
0.5,0.5
2.7755575615628914e-17,1.0
0.5,0.5
0.0,1.0
0.3594521780601538,0.6405478219398463
0.493935906285983,0.5060640937140171
0.3462064956048114,0.6537935043951886
0.5422096169549693,0.4577903830450308
0.0,1.0
5.551115123125783e-17,1.0
2.7755575615628914e-17,1.0
0.07990236109763878,0.9200976389023612
0.4492902406672035,0.5507097593327966
0.17199901266915582,0.8280009873308443
0.6064355455518249,0.39356445444817517
0.835725096238982,0.16427490376101817
0.0,1.0
0.019350692340329025,0.980649307659671
0.6102793617681528,0.38972063823184727
0.6110862937091075,0.3889137062908926
0.35785307362675667,0.6421469263732433
0.42025236841603647,0.5797476315839635
0.4436689016444196,0.5563310983555806
0.14710008134200103,0.8528999186579991
0.0,1.0
0.06762888340193225,0.9323711165980677
0.5,0.5
0.5366087373209982,0.46339126267900177
0.5,0.5
0.0,1.0
0.3439609859590354,0.6560390140409647
0.5672334234777494,0.4327665765222505
0.5,0.5
0.5900937034389756,0.4099062965610243
0.0,1.0
0.14740705762864384,0.8525929423713561
0.6652567945874982,0.33474320541250174
0.17192682564288891,0.8280731743571113
0.6312934211701171,0.3687065788298828
0.6525909453880299,0.3474090546119702
0.25811565028492794,0.7418843497150718
2.7755575615628914e-17,1.0
5.551115123125783e-17,1.0
0.5897478314491376,0.41025216855086255
0.5658794032484141,0.4341205967515859
0.6161079988393091,0.3838920011606907
0.744152366481129,0.2558476335188708
0.18763523304713944,0.8123647669528605
0.043865150859820456,0.9561348491401797
0.6436732494270332,0.3563267505729668
0.7169823008554342,0.2830176991445657
5.551115123125783e-17,1.0
0.12900759559166827,0.8709924044083318
0.5,0.5
5.551115123125783e-17,1.0
0.7505906793448447,0.24940932065515545
0.5444033031642693,0.4555966968357307
0.034228853999710894,0.9657711460002893
6.869504964868156e-16,0.9999999999999992
5.551115123125783e-17,1.0
0.6499007494425841,0.35009925055741586
0.4431416435040094,0.5568583564959906
0.0,1.0
0.23344947087841522,0.7665505291215848
0.0,1.0
0.35733504208744193,0.6426649579125581
0.15507705949955172,0.8449229405004484
0.5,0.5
0.6029639320999899,0.3970360679000101
0.07292804881938507,0.9270719511806149
0.007349346408851877,0.992650653591148
0.0,1.0
0.5384310847335034,0.46156891526649635
0.045770494387316916,0.9542295056126832
0.6123298539345247,0.3876701460654755
5.551115123125783e-17,1.0
0.5,0.5
0.32809127115428377,0.6719087288457162
0.0820763922789342,0.9179236077210658
0.2896779592941461,0.710322040705854
0.587633855030845,0.41236614496915497
0.7784931882035248,0.2215068117964753
0.42909078441280246,0.5709092155871974
0.20632990250507124,0.7936700974949289
0.5097144565305672,0.49028554346943276
0.4705053462464782,0.5294946537535218
0.34396541822052784,0.6560345817794722
0.0451893963332204,0.9548106036667796
0.5,0.5
0.5033896774984896,0.4966103225015104
0.035145531059215154,0.9648544689407847
0.5558134209471052,0.44418657905289477
0.3949063236867316,0.6050936763132684
0.6415565417512433,0.3584434582487564
0.5533206923430157,0.44667930765698427
0.2062966130974874,0.7937033869025126
0.0,1.0
1.6653345369377348e-16,0.9999999999999998
0.5,0.5
3.885780586188048e-16,0.9999999999999996
0.20634306880284872,0.7936569311971512
0.0,1.0
0.028986991143251335,0.9710130088567487
0.0,1.0
0.6173044290369993,0.3826955709630009
0.05310495197772913,0.9468950480222709
1.1102230246251565e-16,1.0
0.3439307889452555,0.6560692110547446
0.4766343170986521,0.523365682901348
0.08450480684675166,0.9154951931532481
0.01588844885601299,0.984111551143987
0.6294248463524555,0.3705751536475448
0.005309460175865343,0.9946905398241347
0.45486514876719925,0.5451348512328007
0.2577892545127901,0.7422107454872099
0.0,1.0
0.148052634054215,0.8519473659457852
0.5638535687088084,0.4361464312911914
0.4662367949397635,0.5337632050602367
0.12908280531056002,0.8709171946894401
8.881784197001252e-16,0.9999999999999991
0.6367714026325796,0.3632285973674207
0.2579750004114776,0.7420249995885224
0.5129686412340435,0.4870313587659565
0.0,1.0
0.19749620672656978,0.8025037932734301
0.020363404363694066,0.9796365956363059
0.0,1.0
0.6839928178106761,0.31600718218932383
0.6686569984933157,0.33134300150668433
0.0,1.0
8.326672684688674e-17,0.9999999999999999
0.6463806688322672,0.35361933116773275
5.551115123125783e-17,1.0
0.0,1.0
1.942890293094024e-16,0.9999999999999999
5.551115123125783e-17,1.0
2.7755575615628914e-17,1.0
0.6730648171366741,0.32693518286332585
0.34431460301429934,0.6556853969857006
0.5155901244429846,0.4844098755570154
0.5,0.5
0.40686457976698887,0.5931354202330111
0.1481849120113403,0.8518150879886597
0.5,0.5
0.06674130017415816,0.933258699825842
0.13427843463185668,0.8657215653681433
1.6653345369377348e-16,0.9999999999999999
1.6653345369377348e-16,0.9999999999999998
0.5471455529332161,0.45285444706678396
3.7470027081099033e-16,0.9999999999999997
5.551115123125783e-17,1.0
0.1800672726263084,0.8199327273736916
0.6061633187410822,0.3938366812589179
0.19519601084598154,0.8048039891540184
2.7755575615628914e-16,0.9999999999999998
0.0,1.0
5.551115123125783e-17,1.0
0.0,1.0
1.1102230246251565e-16,0.9999999999999999
0.611626913771033,0.38837308622896705
0.0,1.0
0.42120582246255445,0.5787941775374456
0.5723207973015,0.4276792026985
0.0,1.0
8.326672684688674e-17,1.0
7.494005416219807e-16,0.9999999999999992
0.16786505351912975,0.8321349464808702
0.36407057716477126,0.6359294228352286
0.2579397399803278,0.7420602600196723
0.6726885367246046,0.3273114632753953
0.32532692091496357,0.6746730790850365
2.7755575615628914e-17,1.0
0.1952210746640292,0.8047789253359707
0.0,1.0
0.0,1.0
0.19537833900143972,0.8046216609985604
0.14741256810013081,0.8525874318998693
0.6815840261487797,0.31841597385122034
0.5561656341428382,0.4438343658571618
0.46578073713461726,0.5342192628653828
0.040111032232791624,0.9598889677672084
0.0,1.0
0.2018150087925106,0.7981849912074893
0.0,1.0
0.6131933444791633,0.38680665552083665
0.5723822924526818,0.4276177075473179
0.3246666416525843,0.6753333583474157
0.6095166639718722,0.390483336028128
0.03225865227365889,0.9677413477263411
1.1102230246251565e-16,0.9999999999999999
0.34370606630009065,0.6562939336999092
0.0,1.0
0.0988592917600996,0.9011407082399003
0.10387759249681468,0.8961224075031854
0.020708367286128772,0.9792916327138712
0.0,1.0
0.5,0.5
0.11716465830067517,0.8828353416993249
5.551115123125783e-17,1.0
0.0,1.0
0.5117720150676286,0.4882279849323716
0.01425208747228802,0.985747912527712
0.1575661235325367,0.8424338764674634
0.6442858777704172,0.35571412222958265
0.4754715824318743,0.5245284175681256
5.551115123125783e-17,1.0
0.0049258543429427076,0.9950741456570573
0.6158485037577184,0.38415149624228145
0.17233792377679416,0.8276620762232061
0.5,0.5
0.6932015261081317,0.30679847389186854
7.216449660063518e-16,0.9999999999999992
0.39167882502079016,0.6083211749792099
1.1102230246251565e-16,1.0
0.0,1.0
0.5395482709634246,0.4604517290365753
0.0,1.0
0.027658409767073792,0.9723415902329261
0.0,1.0
0.39495989167423146,0.6050401083257685
0.06035775060277213,0.939642249397228
0.428893449862337,0.5711065501376628
0.027222737586533177,0.9727772624134668
0.4804992113537508,0.5195007886462492
0.5,0.5
0.06821782105741724,0.9317821789425829
0.0,1.0
1.1102230246251565e-16,0.9999999999999999
0.009946258600046397,0.9900537413999536
0.08319642661768377,0.9168035733823161
4.440892098500626e-16,0.9999999999999996
8.326672684688674e-17,1.0
0.07752276714255334,0.9224772328574466
0.2993145533188601,0.7006854466811397
0.020565540441459428,0.9794344595585406
0.5,0.5
0.5535380129794996,0.4464619870205006
0.0,1.0
0.6936590196567355,0.30634098034326457
0.0,1.0
1.1102230246251565e-16,1.0
0.6138369474274628,0.3861630525725373
0.453055696432426,0.5469443035675738
0.38783474105392834,0.6121652589460715
0.5,0.5
0.0,1.0
0.5864261381284485,0.41357386187155154
2.3592239273284576e-16,0.9999999999999998
0.4128697719620205,0.5871302280379794
7.216449660063518e-16,0.9999999999999992
0.3439572791794049,0.6560427208205953
0.6943115554239161,0.3056884445760841
0.7092471037253991,0.2907528962746009
0.5783087130535391,0.421691286946461
0.30418285059866274,0.6958171494013374
0.20660591735590175,0.7933940826440983
0.6729018106069782,0.32709818939302193
0.5289129203957506,0.47108707960424956
0.07763141465493571,0.9223685853450644
0.12290200940190105,0.8770979905980989
1.1102230246251565e-16,1.0
0.41390366663469863,0.5860963333653014
0.5749924616578814,0.4250075383421185
0.5,0.5
0.0,1.0
0.1295039846796977,0.8704960153203024
0.5240174047025001,0.47598259529749976
0.5999480442515448,0.40005195574845515
0.5,0.5
0.6451408822121285,0.35485911778787155
0.2948612169439687,0.7051387830560313
0.6093010087769951,0.39069899122300494
0.5340279764883624,0.46597202351163763
0.5,0.5
0.6800050589921104,0.3199949410078898
0.5789865633810835,0.42101343661891677
0.5,0.5
0.5017483515214777,0.4982516484785224
5.551115123125783e-17,1.0
0.3439328277266052,0.656067172273395
0.5901948308788166,0.4098051691211835
0.37322516097431657,0.6267748390256833
0.6070351401348913,0.3929648598651087
0.5479370700913604,0.4520629299086396
0.34897204460605824,0.6510279553939419
0.5159283445812728,0.4840716554187272
0.3799860514700413,0.6200139485299587
0.5013797505721823,0.4986202494278178
0.08601379278967654,0.9139862072103235
0.36210927656341363,0.6378907234365863
0.05475183099610254,0.9452481690038973
0.0,1.0
0.5570351403067118,0.44296485969328825
0.5898134422127256,0.4101865577872744
0.6017293887215885,0.39827061127841135
0.011869440873742873,0.988130559126257
0.0,1.0
0.5,0.5
0.344043659630908,0.6559563403690919
0.14642679710228565,0.8535732028977143
0.0,1.0
0.34397657540149335,0.6560234245985066
0.0,1.0
0.5,0.5
0.06077092678684722,0.9392290732131529
0.14742616468448366,0.8525738353155163
0.20572552133934918,0.7942744786606508
0.5589363482750962,0.4410636517249037
0.23325782126130326,0.7667421787386969
0.8170358302440336,0.1829641697559663
0.4924002341775554,0.5075997658224446
0.06221951378495141,0.9377804862150485
0.529105941103945,0.47089405889605507
0.2575052895635981,0.7424947104364019
0.0,1.0
0.0,1.0
0.5779735222976585,0.42202647770234164
5.551115123125783e-17,1.0
0.14468196568175296,0.855318034318247
0.5031507883220911,0.4968492116779089
0.2579447490488296,0.7420552509511705
0.46710591496882964,0.5328940850311704
0.643010320080715,0.3569896799192851
0.6040591561542176,0.3959408438457826
0.6431879290189785,0.3568120709810218
1.1102230246251565e-16,1.0
0.5147224885185667,0.4852775114814334
0.2579503472620033,0.7420496527379968
0.028456751308133316,0.9715432486918667
0.023831192921684934,0.976168807078315
0.5071388249529393,0.4928611750470606
0.14610664400782578,0.8538933559921742
0.5889027230553453,0.4110972769446547
0.48839988940554746,0.5116001105944525
2.7755575615628914e-16,0.9999999999999998
0.5,0.5
0.101002509380514,0.898997490619486
0.1473963012588005,0.8526036987411995
1.5265566588595902e-16,0.9999999999999998
0.36361335685287,0.6363866431471299
9.020562075079397e-17,1.0
0.47225861705298217,0.5277413829470179
0.6076974631322222,0.3923025368677777
0.0,1.0
0.0,1.0
7.216449660063518e-16,0.9999999999999992
0.6978135648671093,0.30218643513289073
2.220446049250313e-16,0.9999999999999998
2.5673907444456745e-16,0.9999999999999997
0.590151543591644,0.409848456408356
0.4422357277198455,0.5577642722801546
0.17207093956065847,0.8279290604393416
0.0,1.0
0.6349497752900138,0.3650502247099863
0.6517154872417451,0.3482845127582549
0.5752086236207984,0.42479137637920156
0.14600297415549762,0.8539970258445024
0.3439603228515589,0.6560396771484412
0.442233396221531,0.5577666037784691
0.5863645054887476,0.41363549451125237
1.8041124150158794e-16,0.9999999999999998
0.5052232482470573,0.4947767517529426
3.3306690738754696e-16,0.9999999999999998
0.25326577583263366,0.7467342241673665
0.2460892420813202,0.7539107579186798
0.0,1.0
0.5440310132009756,0.45596898679902437
0.0,1.0
0.008916555164807424,0.9910834448351924
0.22933230909553387,0.7706676909044662
0.23704610723379987,0.7629538927662003
0.5159662009797025,0.48403379902029753
0.6323675062435172,0.3676324937564831
0.25876170064640625,0.7412382993535936
0.39251813665032464,0.6074818633496754
0.3166603781282915,0.6833396218717085
0.010968819856683224,0.9890311801433169
0.0,1.0
0.4129178690082063,0.5870821309917937
0.17217500536711333,0.8278249946328867
0.17194389311342212,0.8280561068865778
0.19518889861400665,0.8048111013859934
0.5155901244429846,0.4844098755570154
0.5059674681493554,0.4940325318506446
0.682747152903987,0.31725284709601287
1.1102230246251565e-16,1.0
0.05459972953428485,0.9454002704657152
0.5201789957546165,0.4798210042453837
0.6617113319914684,0.3382886680085315
0.5158858951257603,0.48411410487423956
0.1091999149369535,0.8908000850630464
0.5935030991525622,0.4064969008474377
0.5585116107225999,0.4414883892774001
0.4099736311417453,0.5900263688582548
0.6273182599099167,0.3726817400900831
0.6456888888131307,0.3543111111868691
0.5715785027122546,0.42842149728774553
1.1102230246251565e-16,1.0
0.12898949526173514,0.8710105047382648
0.0,1.0
1.1102230246251565e-16,1.0
0.2058374261463999,0.7941625738536001
0.011764183069142491,0.9882358169308575
0.10134046063281502,0.8986595393671849
1.6653345369377348e-16,0.9999999999999998
0.0,1.0
0.0,1.0
0.006251557483443769,0.9937484425165564
0.5947178614347147,0.4052821385652852
0.40430933639173805,0.595690663608262
0.0,1.0
0.4342416378092767,0.5657583621907234
0.0,1.0
0.5627529250020136,0.4372470749979865
0.6523607841554405,0.34763921584455937
0.032298368610236786,0.9677016313897632
0.6562386930923004,0.34376130690769946
0.5,0.5
0.681346145414331,0.3186538545856691
0.08180749321436594,0.9181925067856341
0.391280556377418,0.608719443622582
0.0,1.0
0.0,1.0
1.6653345369377348e-16,0.9999999999999998
0.5159161353930809,0.48408386460691905
1.1102230246251565e-16,1.0
0.0,1.0
0.5843161910107763,0.4156838089892239
2.7755575615628914e-16,0.9999999999999998
0.032243389602443245,0.9677566103975568
0.0677357421088882,0.9322642578911117
0.4127632700237591,0.5872367299762408
5.551115123125783e-17,1.0
0.7293563304894598,0.27064366951054014
0.1720043543603801,0.8279956456396198
0.15861255879249037,0.8413874412075096
0.5449742364089875,0.45502576359101266
0.418906956889623,0.5810930431103771
0.17194336529888438,0.8280566347011156
0.5,0.5
0.42665280076346185,0.5733471992365384
2.220446049250313e-16,0.9999999999999998
0.34359753932663717,0.6564024606733628
5.551115123125783e-17,0.9999999999999999
0.5,0.5
0.13815364774045485,0.8618463522595453
0.1653684609920568,0.8346315390079432
0.0,1.0
0.5334286965158435,0.4665713034841563
0.4043630412852632,0.5956369587147368
0.3326661577448249,0.6673338422551751
0.4121897988842614,0.5878102011157387
0.6512229451010227,0.34877705489897715
1.5265566588595902e-16,0.9999999999999999
0.6323657900132309,0.36763420998676916
0.6962612594182627,0.30373874058173744
0.4230321889432132,0.5769678110567869
0.6617113352053318,0.33828866479466846
0.06289841587637233,0.9371015841236277
1.1102230246251565e-16,1.0
0.5921137398416364,0.4078862601583637
0.7303848491327252,0.2696151508672747
0.6558388013790012,0.34416119862099875
0.6688262979300362,0.33117370206996366
0.3564584627747536,0.6435415372252464
0.019510607227280315,0.9804893927727198
0.0,1.0
0.0,1.0
0.642088645040605,0.35791135495939497
0.6512662892791644,0.34873371072083537
0.0,1.0
0.02232582690765298,0.9776741730923469
0.0,1.0
0.3252842936546344,0.6747157063453655
0.05919203597008591,0.940807964029914
5.551115123125783e-17,1.0
0.3062206385385123,0.6937793614614878
0.5586383580066426,0.44136164199335753
0.4598635075556391,0.540136492444361
0.4539086582822354,0.5460913417177645
0.07941544672419625,0.9205845532758036
0.631262423100859,0.3687375768991412
1.1102230246251565e-16,0.9999999999999999
0.5,0.5
0.0,1.0
0.3488720431923866,0.6511279568076134
0.4422292546038201,0.5577707453961799
0.5847279215683143,0.4152720784316855
0.38679301688453643,0.6132069831154635
0.5222726762812068,0.4777273237187934
0.17060932137746884,0.8293906786225309
0.5990893298291441,0.40091067017085613
0.6385732263906871,0.36142677360931297
0.17194082245129255,0.8280591775487074
0.4858372171624971,0.5141627828375027
0.0,1.0
0.5454419990116511,0.4545580009883488
0.09996096476653682,0.9000390352334633
2.7755575615628914e-16,0.9999999999999998
8.326672684688674e-17,1.0
0.20633444048586994,0.7936655595141302
0.5085717695594298,0.4914282304405702
0.616537076466709,0.3834629235332911
0.3938189091643944,0.6061810908356057
0.4613674662728814,0.5386325337271185
0.2063929190050421,0.7936070809949579
0.36720618766215357,0.6327938123378465
0.5,0.5
0.0,1.0
0.5392300084446343,0.46076999155536563
0.6563413743269172,0.34365862567308275
0.5,0.5
0.5,0.5
0.6047086901930451,0.39529130980695504
0.1086068463521949,0.8913931536478051
0.5158028167630164,0.4841971832369836
0.4585574944696114,0.5414425055303885
0.5812139355474281,0.418786064452572
0.4775653853758514,0.5224346146241485
0.17184978961074904,0.828150210389251
1.1102230246251565e-16,1.0
0.40441316402025734,0.5955868359797426
0.016365811022875636,0.9836341889771244
0.0,1.0
1.1102230246251565e-16,0.9999999999999999
0.5,0.5
0.5201403193548324,0.4798596806451675
0.0,1.0
5.551115123125783e-17,1.0
0.4842102337285073,0.515789766271493
0.06486576367079586,0.9351342363292042
0.0,1.0
0.20630044368527825,0.7936995563147218
0.5,0.5
9.71445146547012e-17,1.0
0.5001390736550092,0.49986092634499074
0.0,1.0
0.16736361669753722,0.8326363833024627
5.551115123125783e-17,1.0
0.5,0.5
0.5273963262221818,0.4726036737778182
0.6056139504148204,0.39438604958517964
4.996003610813204e-16,0.9999999999999996
0.5,0.5
0.6714528687250643,0.32854713127493573
0.44362607898356277,0.5563739210164372
0.41835701534376685,0.5816429846562333
0.3498921766877173,0.6501078233122826
0.2730628707995268,0.726937129200473
0.1726349977544062,0.8273650022455937
0.6190725104294683,0.38092748957053146
1.5265566588595902e-16,1.0
0.3869642731347163,0.6130357268652837
0.5,0.5
0.5314360477906389,0.46856395220936115
0.6810099445571233,0.31899005544287695
0.0,1.0
0.5379503295215308,0.46204967047846923
0.3762477226555348,0.6237522773444653
0.1718500082626392,0.8281499917373609
0.43573782394241795,0.5642621760575819
0.5362311028569128,0.46376889714308694
0.4439879854460535,0.5560120145539466
0.0,1.0
0.6789756974376469,0.32102430256235326
0.5,0.5
0.4686807300211019,0.531319269978898
0.4126661370588279,0.5873338629411721
7.216449660063518e-16,0.9999999999999992
0.0,1.0
3.3306690738754696e-16,0.9999999999999998
0.5336009618099223,0.4663990381900775
6.38378239159465e-16,0.9999999999999994
0.5,0.5
0.643797015858144,0.3562029841418558
0.20872170345023025,0.7912782965497698
0.0,1.0
0.07382025266989294,0.926179747330107
0.0,1.0
1.0061396160665481e-16,1.0
0.07089586357076551,0.9291041364292345
0.48650901424319065,0.5134909857568096
0.2293053965811544,0.7706946034188455
0.5,0.5
0.4727557218565313,0.5272442781434684
0.23434279078860218,0.7656572092113978
0.6058754191655468,0.3941245808344531
0.020909776038933684,0.9790902239610663
0.6006114113166855,0.39938858868331456
0.7393444995924091,0.26065550040759067
0.3568200320005417,0.6431799679994583
0.34410960026090925,0.6558903997390907
0.028578278136895615,0.9714217218631043
0.06126836849089822,0.9387316315091018
0.6065224001760765,0.3934775998239235
1.1102230246251565e-16,1.0
0.0,1.0
2.220446049250313e-16,0.9999999999999998
1.6653345369377348e-16,0.9999999999999998
0.3439823226057558,0.6560176773942442
0.5858301239588678,0.4141698760411321
0.11267609356394002,0.88732390643606
0.5,0.5
0.0,1.0
0.0,1.0
0.11000314141289098,0.889996858587109
0.03634837212970616,0.9636516278702938
0.6727694333053882,0.32723056669461176
0.5060953631064159,0.493904636893584
0.24038302721189192,0.7596169727881078
0.21896477393940458,0.7810352260605952
0.10282835893238017,0.8971716410676198
0.6964447616516032,0.3035552383483968
0.34399811711784123,0.6560018828821588
0.010378873324947807,0.9896211266750522
0.4043671778073764,0.5956328221926236
0.014623611445169092,0.9853763885548309
0.0,1.0
0.3517000023275615,0.6482999976724385
3.3306690738754696e-16,0.9999999999999998
0.5018309801729236,0.49816901982707634
0.06312490004693734,0.9368750999530625
0.5,0.5
0.6029053832203778,0.39709461677962216
0.5601465476675094,0.4398534523324905
0.024051431153422186,0.9759485688465778
0.47345330012945,0.52654669987055
0.3437164816042817,0.6562835183957185
5.551115123125783e-17,0.9999999999999999
0.5316915387167017,0.46830846128329845
0.5701102213224406,0.4298897786775595
0.6533494676335231,0.34665053236647686
0.22711816215318506,0.772881837846815
0.23886356350922885,0.7611364364907712
0.48982555685772194,0.5101744431422781
0.4410744661086312,0.558925533891369
0.06173154427155936,0.9382684557284405
8.326672684688674e-17,1.0
0.5001033041626215,0.4998966958373785
0.020119348629652756,0.9798806513703471
0.19537837103792838,0.8046216289620716
0.567135600507813,0.43286439949218686
0.4753370703531637,0.5246629296468363
0.6243659927063249,0.3756340072936751
0.2063771536365621,0.7936228463634379
0.12897715908075655,0.8710228409192435
0.4351554015378297,0.5648445984621703
0.12637794159601526,0.8736220584039848
0.34412235819940684,0.655877641800593
0.6390143746370974,0.3609856253629025
0.7549474801099643,0.24505251989003574
2.7755575615628914e-16,0.9999999999999998
0.4396367347246026,0.5603632652753974
0.6799871588730886,0.32001284112691153
0.46348304119886474,0.5365169588011351
0.4779142031851755,0.5220857968148246
0.5130585845029649,0.4869414154970351
0.0,1.0
0.5762170460938173,0.42378295390618276
0.0,1.0
0.19892209320145735,0.8010779067985427
2.688821387764051e-16,0.9999999999999998
0.6138289794731293,0.38617102052687075
1.1102230246251565e-16,1.0
0.563819991679393,0.43618000832060694
0.0,1.0
0.5,0.5
0.5,0.5
0.5155931165096584,0.4844068834903416
0.7233209665657054,0.2766790334342947
0.6141153017912556,0.38588469820874427
0.038963759722833356,0.9610362402771666
7.216449660063518e-16,0.9999999999999992
0.5971459295028572,0.40285407049714306
5.551115123125783e-17,1.0
1.8041124150158794e-16,0.9999999999999999
4.996003610813204e-16,0.9999999999999996
0.6430911372778607,0.35690886272213906
0.6084816758688784,0.39151832413112153
0.47568015587230994,0.5243198441276903
0.34359753932663717,0.6564024606733628
0.17432361875024818,0.8256763812497517
0.5,0.5
0.4044589806091338,0.5955410193908663
0.24140389025969705,0.7585961097403029
0.39251813665032464,0.6074818633496754
2.7755575615628914e-16,0.9999999999999998
0.007696322647267119,0.9923036773527328
0.3869203664362431,0.6130796335637569
0.7196640183669825,0.28033598163301754
1.6653345369377348e-16,0.9999999999999998
0.08516924024523669,0.9148307597547634
0.5372056240937341,0.46279437590626593
0.6163327540686535,0.38366724593134655
0.456696068722268,0.5433039312777321
0.34055895911581807,0.6594410408841819
0.4161279197855553,0.5838720802144447
0.30232258016695224,0.6976774198330478
0.31087022584677915,0.689129774153221
0.5,0.5
0.5159848011896275,0.48401519881037247
0.2579789866122392,0.7420210133877608
0.6240818975616337,0.3759181024383662
0.0,1.0
8.326672684688674e-17,1.0
0.5596811541590474,0.4403188458409525
0.0,1.0
0.00627282793306549,0.9937271720669344
0.11744388133758843,0.8825561186624116
1.1102230246251565e-16,0.9999999999999999
0.48668131518758434,0.5133186848124159
0.3799731396138669,0.6200268603861331
0.25804446818300464,0.7419555318169953
0.28969759291585334,0.7103024070841467
0.14741248251467823,0.8525875174853218
0.5,0.5
0.3450662157116251,0.654933784288375
0.0,1.0
0.3103728614003008,0.689627138599699
0.5,0.5
0.1871788988469358,0.812821101153064
0.5951025710750018,0.4048974289249986
0.3655623974355194,0.6344376025644808
0.5,0.5
0.5158546407133252,0.48414535928667474
0.1235265055431682,0.8764734944568318
0.0,1.0
0.07719945228754051,0.9228005477124598
3.469446951953614e-16,0.9999999999999996
6.938893903907228e-17,1.0
0.43929883657728874,0.5607011634227111
1.1102230246251565e-16,1.0
0.5,0.5
0.48519584574709507,0.5148041542529049
0.694607743731369,0.3053922562686311
0.5585958444290708,0.4414041555709292
0.5718842670710255,0.4281157329289744
0.2672193933227022,0.7327806066772977
0.0,1.0
0.3318913737311959,0.6681086262688041
4.996003610813204e-16,0.9999999999999996
0.0,1.0
0.1835019502716831,0.8164980497283169
0.06307375608007405,0.936926243919926
0.0,1.0
0.43107657610471434,0.5689234238952856
0.5982299876315775,0.4017700123684225
0.5,0.5
0.0,1.0
0.5768566921300925,0.4231433078699075
0.0,1.0
0.0,1.0
0.0,1.0
5.551115123125783e-17,1.0
0.41970050717094015,0.5802994928290598
0.3360718361315736,0.6639281638684266
0.404872618512569,0.595127381487431
0.4478740491751487,0.5521259508248513
0.49781214944187474,0.5021878505581254
0.0,1.0
0.1567827615426766,0.8432172384573234
0.5,0.5
0.05263054362572813,0.947369456374272
0.2896761157861292,0.7103238842138707
0.014983988163038107,0.9850160118369619
0.25796892879754735,0.7420310712024526
0.0,1.0
0.5,0.5
0.557663244504217,0.4423367554957829
0.20638675626814498,0.7936132437318549
0.03213801304284723,0.9678619869571528
0.14737931340431523,0.8526206865956848
0.37038865558427475,0.6296113444157253
0.46480161071246073,0.5351983892875394
0.6180309850700554,0.3819690149299446
0.05333841702562016,0.9466615829743797
0.4065820435034502,0.5934179564965498
0.5724356743006039,0.42756432569939606
0.38210693174437615,0.6178930682556238
0.1719800807890341,0.828019919210966
0.6453506112658266,0.35464938873417345
0.17397209998247082,0.826027900017529
0.48267378814852907,0.517326211851471
0.5309670148054443,0.4690329851945557
4.440892098500626e-16,0.9999999999999997
0.6006202373379094,0.39937976266209074
0.6113938661292858,0.38860613387071413
0.0,1.0
1.1102230246251565e-16,0.9999999999999999
0.0,1.0
0.0,1.0
2.220446049250313e-16,0.9999999999999998
0.6049746682068448,0.39502533179315513
0.737357987978001,0.2626420120219992
0.1310881105935237,0.8689118894064763
0.5,0.5
0.5650616599339626,0.4349383400660376
0.0,1.0
0.0,1.0
0.6062979016123937,0.39370209838760617
0.018051557929620942,0.9819484420703792
0.7475667792569252,0.2524332207430747
0.43429172510024155,0.5657082748997583
3.3306690738754696e-16,0.9999999999999998
0.16089941363352583,0.8391005863664741
0.5,0.5
2.7755575615628914e-16,0.9999999999999998
0.5860900098594921,0.4139099901405078
0.0,1.0
0.5448479682071043,0.4551520317928955
0.4741946644521376,0.5258053355478626
0.5,0.5
0.0,1.0
0.5571845059488985,0.4428154940511014
0.42941948299743765,0.5705805170025624
5.551115123125783e-17,1.0
0.04928015445914543,0.9507198455408546
0.11109143205046704,0.8889085679495332
8.326672684688674e-17,1.0
0.0,1.0
5.551115123125783e-17,1.0
0.41273382939317094,0.5872661706068291
0.6093171002523055,0.39068289974769455
0.0,1.0
0.7075168657427883,0.29248313425721173
0.0,1.0
0.0,1.0
0.5,0.5
0.34397766961457216,0.6560223303854279
0.43565181681115717,0.5643481831888428
0.0,1.0
0.40052429586648935,0.5994757041335106
0.7296719579036243,0.27032804209637556
1.3877787807814457e-16,1.0
0.0,1.0
0.3439926595042801,0.6560073404957198
0.48053713252805436,0.5194628674719457
0.6102695962124632,0.3897304037875367
0.4817647313208004,0.5182352686791997
0.05908923638185078,0.9409107636181494
0.09826279197844312,0.901737208021557
0.5400615385845303,0.4599384614154696
0.515916140546108,0.4840838594538918
0.2704295714695156,0.7295704285304844
0.14741087557568522,0.8525891244243148
0.6009045208289162,0.3990954791710837
0.0,1.0
1.3877787807814457e-17,0.9999999999999999
0.31929325205486675,0.6807067479451332
0.0,1.0
0.1344663205201191,0.865533679479881
0.0,1.0
0.5053071037866175,0.49469289621338247
0.573831603672784,0.4261683963272161
8.326672684688674e-17,1.0
0.010844797211693836,0.9891552027883062
0.5612915285803306,0.43870847141966945
0.36161180221566364,0.6383881977843363
0.5,0.5
0.21514033764998713,0.7848596623500128
0.6027855151947392,0.3972144848052607
0.3718843166131267,0.6281156833868734
0.596078474104205,0.40392152589579494
0.5,0.5
0.24408725755712005,0.7559127424428801
0.6042686951447563,0.3957313048552434
0.5828728621375459,0.4171271378624544
0.549624634333567,0.45037536566643305
2.5673907444456745e-16,0.9999999999999997
0.7334233468100317,0.2665766531899682
7.979727989493313e-17,1.0
0.0,1.0
0.42938705441350744,0.5706129455864923
0.5,0.5
0.0,1.0
1.1102230246251565e-16,1.0
0.5004261311143636,0.4995738688856363
0.34364711948193216,0.656352880518068
0.0,1.0
0.6020743714114583,0.39792562858854186
0.20637308040580854,0.7936269195941915
0.5,0.5
0.0,1.0
0.3551062339495413,0.6448937660504587
0.5,0.5
1.1102230246251565e-16,1.0
0.2333118491774365,0.7666881508225636
0.0,1.0
0.6827417752990126,0.3172582247009874
5.551115123125783e-17,1.0
0.0,1.0
0.17138237300318623,0.8286176269968138
0.0,1.0
0.25792427507263643,0.7420757249273635
0.5290041821530463,0.47099581784695366
0.527216890510027,0.4727831094899731
0.0,1.0
0.2884512047186287,0.7115487952813714
0.32351653832409305,0.6764834616759068
0.5047298003682658,0.49527019963173435
0.5,0.5
0.5361631512872552,0.4638368487127448
0.515984801757119,0.48401519824288103
6.730727086790012e-16,0.9999999999999993
0.49863523128213594,0.5013647687178641
0.5516094912362353,0.4483905087637648
0.5175849314342127,0.48241506856578736
0.0,1.0
0.30279178766600257,0.6972082123339974
0.5,0.5
0.5597602003844415,0.4402397996155586
4.440892098500626e-16,0.9999999999999996
1.1102230246251565e-16,1.0
0.11595947978397085,0.8840405202160292
0.0,1.0
0.0,1.0
0.4078581423142127,0.5921418576857873
7.216449660063518e-16,0.9999999999999992
0.0,1.0
0.31446735969694983,0.6855326403030501
1.1102230246251565e-16,1.0
0.12897086981937447,0.8710291301806256
0.14749248075887436,0.8525075192411257
0.3600612087175251,0.6399387912824749
1.457167719820518e-16,0.9999999999999998
8.326672684688674e-17,0.9999999999999999
0.46645852960859335,0.5335414703914068
0.17201296843857058,0.8279870315614295
0.34402305431410324,0.6559769456858968
0.5278333695612298,0.4721666304387702
0.0,1.0
0.38199902035405436,0.6180009796459456
0.3439708230318873,0.6560291769681127
0.6052526695135225,0.39474733048647737
0.0036439015118822594,0.9963560984881178
0.3439915351111777,0.6560084648888223
5.551115123125783e-17,1.0
0.060979692114749,0.9390203078852511
0.6533478302140575,0.34665216978594243
2.1510571102112408e-16,0.9999999999999998
0.02580776934925858,0.9741922306507415
0.0,1.0
5.551115123125783e-17,1.0
0.5799224302312767,0.4200775697687235
0.5710155627337762,0.4289844372662238
0.19696918129920968,0.8030308187007903
0.3847295943432628,0.6152704056567371
1.1102230246251565e-16,0.9999999999999999
0.5321012759909962,0.4678987240090039
0.32865776432320376,0.6713422356767963
0.0,1.0
0.0,1.0
0.2896790986864462,0.7103209013135539
0.5,0.5
0.0,1.0
0.42161608083420893,0.5783839191657911
0.5,0.5
0.5164209879524828,0.48357901204751713
0.08722842772949232,0.9127715722705076
0.3439522655433772,0.6560477344566227
0.0,1.0
0.5155901244429846,0.4844098755570154
0.6150249451740242,0.38497505482597594
0.39251813665032464,0.6074818633496754
0.4508968210162435,0.5491031789837565
0.539468406136698,0.46053159386330195
0.1904920271641417,0.8095079728358583
0.20648154725306544,0.7935184527469346
0.41213157900411307,0.5878684209958869
0.0,1.0
0.6131933444791633,0.38680665552083665
0.006261418066370401,0.9937385819336296
0.5794367838473704,0.4205632161526298
0.01050642129804997,0.98949357870195
0.2637439280929024,0.7362560719070977
0.4215665588327237,0.5784334411672764
0.557685454076659,0.442314545923341
0.550934110842356,0.4490658891576441
5.551115123125783e-17,1.0
0.09359673515329729,0.9064032648467029
0.4125021954834104,0.5874978045165895
0.40052429586648974,0.5994757041335103
0.06297579457219926,0.937024205427801
0.431487975760147,0.5685120242398531
0.1294664302088214,0.8705335697911787
0.21683987171814342,0.7831601282818565
0.6074859745633121,0.39251402543668795
0.07377058406871197,0.9262294159312882
0.4491940486462959,0.5508059513537041
0.6017980932553456,0.3982019067446544
0.0,1.0
0.4428921941423455,0.5571078058576543
0.0,1.0
0.0,1.0
0.0,1.0
0.5000206609070301,0.4999793390929699
0.019739886690491287,0.9802601133095088
0.3004558372180132,0.6995441627819866
0.0,1.0
0.2064007917076274,0.7935992082923726
0.3999173566699028,0.6000826433300972
0.2324372623368147,0.7675627376631854
0.539319766416654,0.4606802335833459
5.551115123125783e-17,1.0
0.0,1.0
0.0,1.0
0.0,1.0
0.6970675155027153,0.302932484497285
0.49925378213295646,0.5007462178670433
0.0,1.0
5.551115123125783e-17,1.0
0.10138361082495373,0.8986163891750463
0.556301120906948,0.443698879093052
0.22979149725095213,0.7702085027490481
0.4563564337751267,0.5436435662248733
0.515916140546108,0.4840838594538918
0.6864548582044206,0.3135451417955795
0.05241647974608526,0.9475835202539147
5.551115123125783e-17,1.0
0.5,0.5
0.5,0.5
0.017479853769492723,0.9825201462305072
0.5930223267677384,0.40697767323226164
4.440892098500626e-16,0.9999999999999996
0.5,0.5
0.5056377979198233,0.4943622020801768
0.639797792341655,0.3602022076583449
0.4465035559383059,0.5534964440616942
0.515946691017426,0.48405330898257415
0.05284916562017247,0.9471508343798275
0.7194886687151923,0.28051133128480765
0.5558533981389918,0.44414660186100813
0.2062778497823129,0.7937221502176872
0.020618714116438612,0.9793812858835612
0.6594675879299262,0.34053241207007395
0.4125807613396056,0.5874192386603942
0.5,0.5
0.6170776764947273,0.3829223235052727
0.6498965323421255,0.3501034676578747
0.522912856360003,0.47708714363999716
0.6417157659832569,0.3582842340167431
0.0,1.0
2.7755575615628914e-17,1.0
0.10138008800728336,0.8986199119927166
0.12870151176848835,0.8712984882315117
0.5014929605754568,0.4985070394245431
0.0,1.0
5.551115123125783e-17,0.9999999999999999
0.4087823789546028,0.5912176210453972
5.551115123125783e-17,1.0
0.06913871952858795,0.930861280471412
0.0,1.0
0.0420763640739616,0.9579236359260384
0.0,1.0
0.0,1.0
0.4282217980740067,0.5717782019259933
0.4114747228836179,0.588525277116382
0.08607612470654832,0.9139238752934516
0.22001265260631517,0.7799873473936848
0.14711692293735112,0.852883077062649
0.5786826323086397,0.4213173676913603
0.0,1.0
0.44489778684502485,0.5551022131549753
0.5087852922620865,0.4912147077379136
0.24412637353435213,0.7558736264656479
0.15866558497114153,0.8413344150288583
7.216449660063518e-16,0.9999999999999992
0.06783891674486055,0.9321610832551395
0.5647220069551494,0.43527799304485065
0.42814192643331195,0.5718580735666882
0.20497533679008723,0.7950246632099129
0.17199678306020566,0.8280032169397944
0.58774909978432,0.41225090021567995
1.1102230246251565e-16,1.0
0.5612777435822359,0.4387222564177638
0.3440524081033815,0.6559475918966184
0.0,1.0
0.5,0.5
0.5701571725388009,0.42984282746119884
0.5283074680261611,0.47169253197383876
0.2039750675721228,0.7960249324278772
0.0,1.0
0.5,0.5
0.6324940995836708,0.36750590041632913
0.40990872395042144,0.5900912760495786
0.0,1.0
0.6099125321326101,0.3900874678673899
0.20660585046535712,0.7933941495346428
1.1102230246251565e-16,1.0
4.440892098500626e-16,0.9999999999999996
0.45436103372123643,0.5456389662787636
1.5959455978986625e-16,0.9999999999999999
0.5237243670394384,0.47627563296056175
0.25910584657254626,0.7408941534274539
1.6653345369377348e-16,0.9999999999999998
0.5139850499787475,0.48601495002125233
0.30025470608152277,0.6997452939184774
0.6174698154231553,0.3825301845768448
0.5741649978903417,0.42583500210965824
8.326672684688674e-17,1.0
0.5373130463081596,0.4626869536918403
0.5187107744821964,0.4812892255178036
0.6638580262657053,0.3361419737342945
0.2281457637169923,0.7718542362830079
0.5717632677199496,0.4282367322800504
0.0,1.0
0.0,1.0
0.41274687598160004,0.5872531240184
0.6368019379768639,0.3631980620231361
2.7755575615628914e-16,0.9999999999999998
0.5,0.5
0.0,1.0
0.0,1.0
0.14714832795220015,0.8528516720478
0.38218576749334177,0.6178142325066583
0.38344293018003583,0.6165570698199638
2.7755575615628914e-16,0.9999999999999997
0.6670615471002853,0.33293845289971447
0.08327461272660379,0.9167253872733963
0.5440012673755052,0.45599873262449464
0.5,0.5
0.14740718857151242,0.8525928114284875
0.20685291638764056,0.7931470836123595
0.5,0.5
1.0408340855860843e-16,0.9999999999999999
2.7755575615628914e-16,0.9999999999999998
0.4563189610580353,0.5436810389419647
0.0,1.0
0.6479908669897427,0.35200913301025716
0.5159161393761171,0.48408386062388287
0.0,1.0
0.5,0.5
0.432721564703339,0.567278435296661
0.08462542327698136,0.9153745767230187
0.5536890887773274,0.4463109112226727
0.45069195672733475,0.5493080432726652
0.47510204487064694,0.5248979551293529
0.5555994599726035,0.44440054002739665
0.06382031573552256,0.9361796842644774
0.3249808238777051,0.675019176122295
0.02915902520540673,0.9708409747945932
0.7031723654363976,0.29682763456360245
0.5,0.5
0.5703950935146168,0.4296049064853832
0.48953975161437463,0.5104602483856255
0.6191204122399994,0.3808795877600005
5.551115123125783e-17,1.0
0.11201750395294634,0.8879824960470537
0.0,1.0
0.3439685454175354,0.6560314545824646
0.5,0.5
0.0,1.0
1.1102230246251565e-16,1.0
0.1453545272351756,0.8546454727648244
0.21749368256650778,0.7825063174334923
0.5,0.5
0.016235323771844196,0.9837646762281558
0.5,0.5
0.0,1.0
0.5,0.5
0.6254617667189161,0.37453823328108377
0.0,1.0
4.440892098500626e-16,0.9999999999999996
0.598995298195625,0.40100470180437503
0.39251813665032464,0.6074818633496754
0.6215410424445003,0.37845895755549963
0.5658154992336484,0.43418450076635173
0.0,1.0
5.551115123125783e-17,0.9999999999999999
0.19696929305792027,0.8030307069420797
0.37069156146881393,0.629308438531186
1.6653345369377348e-16,0.9999999999999998
0.0,1.0
0.20630308937533615,0.793696910624664
0.0,1.0
0.0,1.0
0.0,1.0
0.0,1.0
2.7755575615628914e-16,0.9999999999999998
1.1102230246251565e-16,1.0
0.5,0.5
6.522560269672795e-16,0.9999999999999993
0.5795070650013858,0.4204929349986143
0.5182044271809065,0.4817955728190935
0.0,1.0
0.20581620712341453,0.7941837928765854
0.12193239331916857,0.8780676066808314
0.14717408427491585,0.8528259157250843
0.4441037233589707,0.5558962766410294
0.11465251938371887,0.8853474806162811
0.0,1.0
0.5785701866398456,0.4214298133601542
5.551115123125783e-17,1.0
0.6301146011697136,0.3698853988302865
0.6944141969093424,0.30558580309065764
0.14691373135046037,0.8530862686495396
0.5,0.5
0.6917914178441967,0.30820858215580327
0.6241545301966543,0.3758454698033455
0.5,0.5
1.3877787807814457e-16,1.0
0.4529169599607686,0.5470830400392315
0.28292899176891745,0.7170710082310826
0.4097939790947435,0.5902060209052566
0.0888612438563054,0.9111387561436946
0.37650598213076597,0.6234940178692341
0.1472147511944768,0.8527852488055232
0.05290756523537908,0.9470924347646208
0.40260831030073335,0.5973916896992666
0.07763692224240014,0.9223630777576
0.44957548066628156,0.5504245193337184
0.05627930514551407,0.943720694854486
0.20641145779404152,0.7935885422059585
0.06977964224574237,0.9302203577542578
0.0,1.0
0.6421373989536775,0.35786260104632256
0.009472165059076281,0.9905278349409238
0.14177833827884354,0.8582216617211565
0.5700200040893703,0.42997999591062963
4.440892098500626e-16,0.9999999999999997
0.0,1.0
0.40443920371801734,0.5955607962819827
0.6242710875776522,0.37572891242234774
0.76928777392471,0.23071222607528996
0.0,1.0
0.12898232355572825,0.8710176764442717
0.20639444752010824,0.7936055524798916
0.6598081203419962,0.34019187965800385
4.440892098500626e-16,0.9999999999999997
1.3877787807814457e-16,0.9999999999999999
0.053378203164455955,0.946621796835544
0.3439555285033638,0.6560444714966361
0.0,1.0
0.4043801574569984,0.5956198425430016
0.533754557640787,0.4662454423592132
0.2579397399803278,0.7420602600196723
0.45604689620171135,0.5439531037982888
0.2067332709364,0.7932667290635999
0.343950879502418,0.656049120497582
0.1297395292311866,0.8702604707688134
0.5,0.5
0.4012231165807151,0.5987768834192848
1.6653345369377348e-16,0.9999999999999999
0.08933232989283649,0.9106676701071637
0.0,1.0
0.0,1.0
0.5195986622497444,0.4804013377502556
0.0,1.0
0.4522210297893592,0.5477789702106409
0.0,1.0
0.0,1.0
9.71445146547012e-16,0.999999999999999
1.6653345369377348e-16,0.9999999999999998
0.5632933735318871,0.436706626468113
0.5338412800000432,0.4661587199999568
0.0,1.0
0.5234613514581923,0.4765386485418077
0.2966107734441332,0.7033892265558668
0.3439328277266052,0.656067172273395
0.5306383255775315,0.46936167442246834
0.5159316349504406,0.48406836504955947
0.0,1.0
0.40224372012542525,0.5977562798745747
0.5,0.5
2.983724378680108e-16,0.9999999999999997
0.6389682656055089,0.36103173439449127
0.25937764511317024,0.7406223548868297
0.6175837698349622,0.3824162301650376
0.5725751298773255,0.4274248701226744
0.16791765731409902,0.8320823426859012
0.4043630416081968,0.5956369583918031
0.5272728455531254,0.4727271544468746
0.41996185113606777,0.5800381488639322
0.6138118676992503,0.3861881323007493
4.5102810375396984e-17,1.0
0.06393069087842332,0.9360693091215766
0.0,1.0
0.036292553780499226,0.963707446219501
2.7755575615628914e-16,0.9999999999999998
0.0,1.0
0.0,1.0
0.34390538193615894,0.656094618063841
1.6479873021779667e-17,1.0
0.17200787706937665,0.8279921229306234
1.8041124150158794e-16,0.9999999999999999
0.17207890876210594,0.8279210912378941
4.163336342344337e-17,1.0
0.1289675999022005,0.8710324000977996
2.7755575615628914e-16,0.9999999999999998
5.551115123125783e-17,1.0
0.5722936854360031,0.4277063145639969
0.12903986760055688,0.8709601323994431
0.17194203209360742,0.8280579679063925
0.6485845081465805,0.3514154918534194
0.5,0.5
0.053073603130368345,0.9469263968696319
0.2949085425653907,0.7050914574346094
0.5790807972478731,0.42091920275212696
0.0,1.0
0.35002776421606546,0.6499722357839346
2.7755575615628914e-17,1.0
0.20630044368527825,0.7936995563147218
0.09272270500112682,0.9072772949988731
0.7235491572020664,0.2764508427979334
0.10162385895690301,0.8983761410430969
0.0,1.0
0.0,1.0
0.16199219463625922,0.8380078053637409
5.551115123125783e-17,1.0
0.11359473340970148,0.8864052665902985
0.018249680545769482,0.9817503194542304
0.0,1.0
9.159339953157541e-16,0.9999999999999991
0.0,1.0
0.6700891319933734,0.32991086800662656
1.457167719820518e-16,0.9999999999999999
0.3765438175317375,0.6234561824682625
0.5,0.5
1.1102230246251565e-16,1.0
0.3414822264452855,0.6585177735547143
0.22545400840572832,0.7745459915942717
0.03959710808983002,0.96040289191017
0.06823795214986025,0.9317620478501397
0.45892810458248534,0.5410718954175148
0.13846140099374957,0.8615385990062504
0.16799271432529372,0.8320072856747063
0.5856396781909511,0.41436032180904897
1.1102230246251565e-16,1.0
0.5679734196323263,0.43202658036767355
0.5,0.5
0.31913784185096516,0.6808621581490348
0.20646097799188798,0.7935390220081121
0.038716582727338585,0.9612834172726615
5.551115123125783e-17,1.0
2.7755575615628914e-17,1.0
0.4371057555716139,0.5628942444283861
0.2578799970919413,0.7421200029080588
0.6842280990248688,0.3157719009751314
0.5158865671984318,0.4841134328015682
0.017773854063900706,0.9822261459360994
0.12898596863141842,0.8710140313685815
1.1102230246251565e-16,1.0
7.216449660063518e-16,0.9999999999999992
0.3088276936897376,0.6911723063102624
2.7755575615628914e-17,1.0
0.5128376197390903,0.48716238026090974
0.5231236042860595,0.47687639571394047
5.551115123125783e-17,1.0
2.7755575615628914e-17,1.0
0.3561071793176565,0.6438928206823437
0.16785693967715098,0.832143060322849
0.050076579245160485,0.9499234207548396
0.14185154536608338,0.8581484546339166
0.4485781819649604,0.5514218180350395
0.2064565826366664,0.7935434173633336
0.6255037561225718,0.37449624387742786
0.543022865342688,0.45697713465731227
0.34391917430279184,0.6560808256972082
0.5984785356542576,0.4015214643457423
0.6876453069915774,0.3123546930084226
0.03552906256738407,0.9644709374326158
0.0,1.0
0.0002983537815321386,0.9997016462184679
0.03934801915515842,0.9606519808448415
0.4938543013223538,0.5061456986776462
0.10318883670521113,0.8968111632947888
5.551115123125783e-17,1.0
0.5749806403247815,0.42501935967521853
0.5779891164540066,0.4220108835459935
0.45273443394868834,0.5472655660513117
1.1102230246251565e-16,1.0
0.05944442202215504,0.9405555779778451
0.03244394198694172,0.9675560580130583
0.6676183830804903,0.33238161691950974
5.551115123125783e-17,1.0
0.18531999783472566,0.8146800021652745
0.5,0.5
1.942890293094024e-16,0.9999999999999998
0.19327106926777626,0.8067289307322237
0.31927184200426256,0.6807281579957375
0.4126128556911565,0.5873871443088433
0.0,1.0
0.6582942747388579,0.3417057252611419
0.6366933728479252,0.3633066271520746
0.49680337757860327,0.5031966224213967
0.08434885548426223,0.9156511445157378
0.3399256862060769,0.6600743137939231
0.464637183099578,0.535362816900422
0.1395587453191502,0.8604412546808498
0.4933812790609189,0.5066187209390812
0.5138252868923423,0.48617471310765775
0.598832368371175,0.40116763162882496
0.038887708693356185,0.9611122913066438
3.3306690738754696e-16,0.9999999999999998
0.6700841516089784,0.3299158483910216
0.6432262604258463,0.35677373957415365
0.4361678814026172,0.563832118597383
0.47083328439811384,0.5291667156018863
0.05198265838495445,0.9480173416150454
2.7755575615628914e-16,0.9999999999999998
0.0,1.0
0.3439307889452555,0.6560692110547446
0.5746375064932302,0.4253624935067699
0.4043274492671379,0.5956725507328621
0.0,1.0
0.24548249241242462,0.7545175075875755
0.5,0.5
1.1102230246251565e-16,1.0
0.630648331802397,0.3693516681976029
0.5,0.5
0.0,1.0
0.0,1.0
0.043781963247953595,0.9562180367520463
0.07475964190888489,0.9252403580911149
2.498001805406602e-16,0.9999999999999998
4.440892098500626e-16,0.9999999999999996
0.15458450957232617,0.8454154904276742
0.581488393154892,0.41851160684510785
0.0,1.0
0.545984782514682,0.45401521748531803
0.0,1.0
0.2353379301465021,0.764662069853498
0.20539143877580038,0.7946085612241996
0.0,1.0
0.43159930751187364,0.5684006924881264
0.5963763173813098,0.4036236826186904
0.5,0.5
0.16767008397958744,0.8323299160204125
5.551115123125783e-17,1.0
0.07338389203114754,0.9266161079688525
0.0,1.0
4.163336342344337e-17,0.9999999999999999
0.0,1.0
0.4133801192802379,0.5866198807197622
0.3869333320961551,0.6130666679038449
0.38210694049224675,0.6178930595077533
1.1102230246251565e-16,0.9999999999999999
0.40718341180859036,0.5928165881914097
0.2568147443234914,0.7431852556765087
5.551115123125783e-17,1.0
0.3215718729783063,0.6784281270216937
0.10627603577038071,0.8937239642296193
0.6010199916790107,0.39898000832098934
0.34397800954744845,0.6560219904525518
0.485638670222486,0.5143613297775141
2.7755575615628914e-16,0.9999999999999998
0.5773746203532202,0.42262537964677993
1.1102230246251565e-16,1.0
0.5554646656562445,0.44453533434375536
0.29120755619655087,0.7087924438034492
0.0,1.0
0.51132152066566,0.48867847933434
3.3133218391157016e-16,0.9999999999999998
0.02700618358411626,0.9729938164158838
0.5814412457818472,0.41855875421815275
0.10982887689125413,0.8901711231087459
0.0,1.0
0.5470627376588878,0.45293726234111226
0.6948964349981704,0.30510356500182956
0.44685564573704156,0.5531443542629585
0.6558388814830035,0.34416111851699666
0.0,1.0
0.5573579342824426,0.44264206571755726
1.8041124150158794e-16,0.9999999999999998
1.6653345369377348e-16,0.9999999999999998
0.5541552267827691,0.4458447732172309
5.551115123125783e-17,0.9999999999999999
0.5778155099088996,0.42218449009110043
0.6223586395215371,0.3776413604784628
0.5158858951257603,0.48411410487423956
0.20637515395438777,0.7936248460456122
0.5432556752561589,0.4567443247438412
0.5018982188776135,0.4981017811223864
0.516528478721904,0.4834715212780961
0.1451298892498018,0.8548701107501983
0.5176420269059987,0.4823579730940015
0.08243792691092867,0.9175620730890715
0.4235397040876158,0.576460295912384
0.0,1.0
0.30974145777974965,0.6902585422202505
0.07510234545236408,0.9248976545476358
0.4042647951903236,0.5957352048096765
0.42494608060212397,0.575053919397876
0.6507641549357259,0.34923584506427413
0.5149753537338878,0.48502464626611214
0.36346897414727736,0.6365310258527225
0.3479009483943925,0.6520990516056074
0.5274256192147732,0.47257438078522684
0.0,1.0
0.5448288613955911,0.45517113860440894
0.5337627280608825,0.4662372719391174
0.4127490822726985,0.5872509177273014
0.5159361480830418,0.4840638519169581
0.050218653864626234,0.9497813461353738
0.44147769832706973,0.5585223016729304
0.46276147097417225,0.5372385290258278
0.6037469534008608,0.3962530465991392
0.6361701416909753,0.36382985830902465
0.32411876778112175,0.6758812322188783
0.5,0.5
0.5,0.5
0.5159430462796567,0.4840569537203432
0.682397867655953,0.31760213234404694
0.5884136425185061,0.411586357481494
0.18789380693506247,0.8121061930649376
0.23030071866914417,0.769699281330856
0.523022882068371,0.4769771179316288
0.46291185673889435,0.5370881432611053
0.5165242269404258,0.48347577305957434
0.47421502493461337,0.5257849750653866
2.220446049250313e-16,0.9999999999999998
0.5769754032403573,0.42302459675964277
0.563680987565005,0.4363190124349951
0.4700413152726219,0.5299586847273782
3.469446951953614e-16,0.9999999999999998
0.5210269006405903,0.4789730993594096
0.5,0.5
0.5,0.5
0.0,1.0
0.4057546709350519,0.5942453290649481
0.6129995492280542,0.38700045077194584
0.21305436901688657,0.7869456309831133
0.0,1.0
0.14743600552951294,0.852563994470487
1.1102230246251565e-16,1.0
0.6300241442744379,0.3699758557255622
0.0,1.0
0.5,0.5
0.010126282753103033,0.989873717246897
0.1656802532595063,0.8343197467404937
0.7171755298539602,0.2828244701460398
0.47271247821613577,0.5272875217838644
0.5012018441388273,0.49879815586117265
0.23330354415241328,0.7666964558475867
0.5297211310161789,0.470278868983821
0.20640085122763246,0.7935991487723675
1.1102230246251565e-16,1.0
0.018364940711175948,0.9816350592888242
0.0,1.0
0.40442437702279155,0.5955756229772085
0.0033627798890698206,0.9966372201109303
0.23307304704365975,0.7669269529563403
5.551115123125783e-17,1.0
0.4497647577217593,0.5502352422782409
2.7755575615628914e-17,1.0
0.59442198649506,0.40557801350494005
5.551115123125783e-17,1.0
0.40292244757168616,0.5970775524283138
5.551115123125783e-17,1.0
0.5110260134309126,0.4889739865690875
0.07982763099884674,0.9201723690011532
1.942890293094024e-16,0.9999999999999999
0.0,1.0
0.6062311054846473,0.39376889451535263
0.17621715530191204,0.8237828446980879
0.20637917545034895,0.7936208245496511
0.7114710653322265,0.28852893466777363
0.42168586629021276,0.5783141337097872
0.43345608483429954,0.5665439151657005
0.6993133542048217,0.3006866457951784
0.4689545812132081,0.531045418786792
0.25910584657254626,0.7408941534274539
0.5875955391331233,0.4124044608668766
0.4389694095771334,0.561030590422867
0.1060670325693772,0.8939329674306228
0.6558495448554156,0.3441504551445845
0.0,1.0
0.0,1.0
0.02419635525372943,0.9758036447462707
0.0340051067555096,0.9659948932444904
0.12548524708879866,0.8745147529112013
0.5270797222825602,0.47292027771743994
0.6920860657298242,0.30791393427017566
1.1102230246251565e-16,1.0
0.10762048591828217,0.8923795140817178
0.6176167761592665,0.3823832238407336
0.08165472749650546,0.9183452725034945
0.5,0.5
0.5,0.5
0.09955265143147139,0.9004473485685286
8.326672684688674e-17,1.0
0.678138833716963,0.32186116628303724
0.0,1.0
0.06919189586804343,0.9308081041319567
0.5159918950637826,0.48400810493621726
0.5215069223398316,0.4784930776601684
0.27624567131141625,0.7237543286885838
0.567229394733132,0.43277060526686795
0.09168357419376684,0.9083164258062332
0.5056377979198232,0.49436220208017695
0.6224395846662871,0.377560415333713
0.20532493865061563,0.7946750613493845
0.6153616835230374,0.38463831647696267
0.5,0.5
0.03213383595807303,0.967866164041927
0.5159285780223436,0.4840714219776564
0.5562962841202975,0.44370371587970237
0.0,1.0
0.5309342238276393,0.4690657761723607
0.5660592829490624,0.4339407170509377
0.0,1.0
0.20635001495358823,0.7936499850464117
0.0,1.0
0.0,1.0
5.551115123125783e-17,0.9999999999999999
0.0529964625573248,0.9470035374426751
0.552167711746423,0.44783228825357707
0.28777930526609435,0.7122206947339054
0.0,1.0
0.6040811850643497,0.3959188149356503
0.5538115487250567,0.4461884512749435
0.2654232717803578,0.7345767282196421
0.2579697759554932,0.7420302240445068
0.048117387861532974,0.951882612138467
0.0,1.0
0.1475135317378427,0.8524864682621575
0.03988031478378059,0.9601196852162195
0.4041351330989759,0.5958648669010241
0.11278404080615057,0.8872159591938493
5.551115123125783e-17,1.0
0.6282114127697153,0.37178858723028474
0.440309091087628,0.559690908912372
0.459304747904257,0.5406952520957429
0.31963759616857246,0.6803624038314275
0.5775037463233875,0.4224962536766125
1.491862189340054e-16,0.9999999999999999
0.6039533193425295,0.39604668065747073
0.16469918757673915,0.8353008124232606
0.17203598532957562,0.8279640146704244
0.4043784265161762,0.5956215734838238
0.12246420902076352,0.8775357909792365
0.4873611330991954,0.5126388669008046
0.5648630529056622,0.43513694709433776
0.6660239798176699,0.33397602018233036
0.4734592799092253,0.5265407200907745
1.1102230246251565e-16,1.0
0.3808805176250882,0.6191194823749119
0.3619917146861552,0.6380082853138448
0.2537096235285039,0.746290376471496
0.38767629142256466,0.6123237085774356
0.39670845866203314,0.6032915413379669
0.6017039763689757,0.3982960236310243
5.551115123125783e-17,1.0
0.5,0.5
0.6449177172060743,0.3550822827939257
0.38204078683525683,0.6179592131647432
0.41250218396078364,0.5874978160392164
0.640119176302323,0.35988082369767693
0.4578903846905195,0.5421096153094804
0.3439497045208301,0.6560502954791698
0.1482494008908661,0.851750599109134
0.27754205917844343,0.7224579408215566
0.6123256134844068,0.38767438651559305
0.0,1.0
0.5,0.5
0.0,1.0
0.0,1.0
0.31256722882258503,0.687432771177415
0.5,0.5
0.4127662590492841,0.587233740950716
5.551115123125783e-17,1.0
5.551115123125783e-17,1.0
0.6678946982606692,0.3321053017393309
0.6441665753186226,0.35583342468137735
5.551115123125783e-17,1.0
0.40738110244274145,0.5926188975572586
1.3877787807814457e-16,0.9999999999999999
0.0628171109031216,0.9371828890968782
3.3306690738754696e-16,0.9999999999999998
0.618162132670651,0.38183786732934905
0.5172133536995335,0.4827866463004665
0.40052429586648974,0.5994757041335103
0.4488709068480754,0.5511290931519244
0.09860696438939252,0.9013930356106074
0.46297959632330754,0.5370204036766926
0.0,1.0
0.25888838000057424,0.7411116199994259
0.35285572148859506,0.647144278511405
2.7755575615628914e-17,1.0
0.0,1.0
0.4262978530078775,0.5737021469921225
2.7755575615628914e-17,1.0
0.0,1.0
0.46707726471629857,0.5329227352837014
0.14723453011199908,0.852765469888001
3.3306690738754696e-16,0.9999999999999998
0.3423079715649534,0.6576920284350465
0.34414409460611073,0.6558559053938894
1.6653345369377348e-16,1.0
0.5,0.5
0.0,1.0
0.47538621602038716,0.5246137839796128
0.5568553032895552,0.4431446967104448
0.06290868690914588,0.9370913130908541
8.326672684688674e-17,1.0
0.7322314293584947,0.26776857064150533
0.6101516380411836,0.3898483619588163
0.4127501810937292,0.5872498189062708
0.5,0.5
0.5,0.5
0.0,1.0
0.0,1.0
0.07804963437199687,0.921950365628003
0.5,0.5
0.5560484438015549,0.44395155619844506
0.08198378319230103,0.9180162168076991
0.5853454427826466,0.41465455721735334
0.609421867888522,0.39057813211147796
0.1530262252667091,0.8469737747332908
0.39360933378338814,0.6063906662166119
0.5969859321087285,0.40301406789127175
0.0,1.0
0.40451539858041474,0.5954846014195853
0.462670717775917,0.5373292822240829
0.2063751715578185,0.7936248284421815
0.5,0.5
0.0,1.0
0.4543610402776354,0.5456389597223645
0.0,1.0
0.4943692209538447,0.5056307790461553
0.2570296758554491,0.742970324144551
0.08361185495077968,0.9163881450492204
0.6076011837863052,0.39239881621369466
0.556503640785128,0.44349635921487196
0.09764011149613123,0.9023598885038687
0.4008167162282644,0.5991832837717357
0.01113760924978138,0.9888623907502185
0.46087837981235674,0.5391216201876432
0.001932041772022751,0.9980679582279773
0.11358198645430267,0.8864180135456974
0.4704273346505857,0.5295726653494143
0.0,1.0
0.5,0.5
0.5658468158990319,0.43415318410096837
0.12896987587924963,0.8710301241207504
5.551115123125783e-17,1.0
0.3760437786541881,0.6239562213458121
0.3428487103486934,0.6571512896513065
0.0,1.0
8.326672684688674e-17,1.0
1.6653345369377348e-16,0.9999999999999998
0.728688438337539,0.2713115616624611
0.4355461457687921,0.5644538542312079
0.021342125637228353,0.9786578743627717
0.49913098117386406,0.5008690188261359
0.2334754551613208,0.7665245448386793
0.7272248294383175,0.27277517056168266
0.32475471460781385,0.6752452853921864
0.40377446019018703,0.596225539809813
0.14724374776253946,0.8527562522374605
0.7193061988060238,0.2806938011939762
0.14741006919876617,0.8525899308012338
5.551115123125783e-17,1.0
0.6064512603885678,0.3935487396114321
0.0,1.0
0.3122480664273454,0.6877519335726545
0.2948250088284939,0.7051749911715063
0.6908209623283154,0.30917903767168464
0.546920039819243,0.45307996018075686
0.5817928847625148,0.4182071152374852
0.48594680536064216,0.5140531946393581
0.5,0.5
0.6608121574439375,0.3391878425560625
0.45737557558611985,0.5426244244138803
0.36713101514032553,0.6328689848596746
0.2789805162728256,0.7210194837271744
0.4306313636714918,0.5693686363285082
0.6187447092770422,0.38125529072295783
2.7755575615628914e-16,0.9999999999999998
0.2440272688078315,0.7559727311921685
0.0,1.0
0.4901126887348297,0.5098873112651703
0.20599527473977272,0.7940047252602273
4.440892098500626e-16,0.9999999999999997
0.6001069320838488,0.39989306791615126
0.2579242817086134,0.7420757182913865
0.5,0.5
0.5160841452629282,0.4839158547370718
0.6443316903723099,0.3556683096276902
0.0,1.0
0.055029239103794585,0.9449707608962056
5.551115123125783e-17,1.0
9.367506770274758e-17,1.0
0.4044368109597421,0.595563189040258
2.42861286636753e-16,0.9999999999999998
0.2063929190050421,0.7936070809949579
0.0,1.0
5.551115123125783e-17,1.0
0.36270528026378807,0.6372947197362121
0.5153658415226152,0.48463415847738484
0.08376236744390207,0.9162376325560979
0.39800832743845366,0.6019916725615462
0.46654736683576803,0.5334526331642317
0.6491423322502563,0.35085766774974353
0.5478308248526862,0.4521691751473137
0.0,1.0
0.0,1.0
0.7087879891204996,0.2912120108795005
0.19010648950740502,0.809893510492595
0.6724576037550508,0.32754239624494924
0.12061550544053908,0.8793844945594608
0.2063771536365621,0.7936228463634379
0.45963044816104576,0.5403695518389545
0.0808238647707022,0.9191761352292978
0.294822439181814,0.7051775608181861
0.2578085956126795,0.7421914043873205
0.08922509050072584,0.9107749094992741
0.0,1.0
0.206320834608663,0.793679165391337
1.1102230246251565e-16,1.0
0.11834391240803155,0.8816560875919686
0.0,1.0
0.4043630412852632,0.5956369587147368
5.551115123125783e-17,1.0
5.551115123125783e-17,1.0
0.4380176953010441,0.5619823046989559
0.5614109579681167,0.4385890420318836
0.17192322837445354,0.8280767716255463
0.238679033220454,0.761320966779546
0.7238225446739726,0.2761774553260275
0.7741289998463557,0.225871000153644
0.5312499735244864,0.4687500264755132
0.0,1.0
0.6507850161039589,0.3492149838960411
1.6653345369377348e-16,1.0
5.551115123125783e-17,0.9999999999999999
1.8041124150158794e-16,0.9999999999999998
0.0,1.0
0.027050334805124292,0.9729496651948757
0.6446346024687001,0.35536539753129986
0.15175543955121207,0.8482445604487878
1.1102230246251565e-16,1.0
0.12898750703320866,0.8710124929667914
0.0,1.0
0.5034634453244508,0.4965365546755493
0.1517664468901385,0.8482335531098616
0.05179668392239748,0.9482033160776027
0.0,1.0
0.0,1.0
0.5158858941127038,0.4841141058872961
0.0,1.0
0.0,1.0
0.5925759948497161,0.4074240051502839
0.05233608528169287,0.9476639147183072
0.04200488164920158,0.9579951183507983
0.6103523016638015,0.3896476983361982
0.6481146266973373,0.35188537330266284
0.0,1.0
0.3313784083438121,0.6686215916561878
0.4127292625098021,0.587270737490198
0.0363140295682167,0.9636859704317835
0.5162096008742111,0.48379039912578886
0.05947349045674927,0.9405265095432509
0.36012281737150104,0.6398771826284987
4.440892098500626e-16,0.9999999999999996
0.1720402727809472,0.8279597272190528
0.5,0.5
0.5,0.5
0.08970600085528316,0.9102939991447169
0.028113860612291524,0.9718861393877085
0.29482329683976416,0.705176703160236
0.38950297608971607,0.6104970239102839
0.3076126890900493,0.6923873109099506
0.6434930757826515,0.3565069242173485
0.0,1.0
0.552122628948832,0.44787737105116787
0.6761737427826563,0.323826257217344
0.23183468420683717,0.7681653157931628
0.5109010493801386,0.4890989506198613
0.5159257512097735,0.4840742487902266
1.5265566588595902e-16,1.0
0.6142148227118368,0.3857851772881633
0.0,1.0
0.6758267203017558,0.32417327969824433
0.0,1.0
0.4402919872690789,0.5597080127309212
0.0,1.0
0.5806028576261792,0.4193971423738205
0.3633684965123317,0.6366315034876682
0.131243932232074,0.868756067767926
0.0,1.0
0.0718051805842793,0.9281948194157208
0.6881382755187293,0.3118617244812707
0.21872534996697135,0.7812746500330287
0.47990625969009737,0.5200937403099025
0.6298610832706041,0.370138916729396
5.551115123125783e-17,1.0
0.0,1.0
0.0,1.0
0.2940754306207313,0.7059245693792687
0.6201964620398716,0.3798035379601284
0.4775684707011371,0.5224315292988628
0.6089682959731083,0.3910317040268914
0.13265987509380942,0.8673401249061904
0.0,1.0
0.4333687404802387,0.5666312595197613
0.0,1.0
0.6399203669657425,0.36007963303425744
6.522560269672795e-16,0.9999999999999993
0.3166605867445468,0.6833394132554531
0.5,0.5
0.3439328277266052,0.656067172273395
0.6241657796552255,0.37583422034477465
0.0,1.0
0.0,1.0
0.2578173805771159,0.7421826194228841
0.6215215528093965,0.3784784471906036
0.0344138167133583,0.9655861832866417
0.5,0.5
0.0,1.0
0.6898134934340598,0.3101865065659403
0.4928654946226052,0.5071345053773949
0.09967333427726675,0.9003266657227332
0.5891706170325909,0.4108293829674092
0.5,0.5
0.5761038299016941,0.42389617009830594
0.0,1.0
0.7834068444824326,0.21659315551756742
0.22931162143510023,0.7706883785648998
1.1102230246251565e-16,1.0
0.5,0.5
0.4317092571167836,0.5682907428832163
0.35530274454504246,0.6446972554549575
0.6569153685287662,0.34308463147123375
0.43441004845943015,0.5655899515405698
0.523810805023432,0.4761891949765681
0.0327241714166074,0.9672758285833927
0.0267377103987726,0.9732622896012272
0.5349341095073107,0.4650658904926893
0.343952120764274,0.656047879235726
0.3758831995467672,0.6241168004532326
0.6137918777416135,0.3862081222583867
0.029364812225912505,0.9706351877740876
0.11637392379329183,0.8836260762067084
8.326672684688674e-17,1.0
0.4871968250862806,0.5128031749137196
0.5737356453131797,0.4262643546868204
0.0,1.0
0.0,1.0
1.2836953722228372e-15,0.9999999999999987
0.0,1.0
0.5275738138754444,0.4724261861245555
0.6490175112554871,0.3509824887445129
0.25796556046860447,0.7420344395313957
0.6341337367110982,0.365866263288902
0.4501593524957828,0.5498406475042172
0.5,0.5
0.14744867105359133,0.8525513289464086
0.5452679852210133,0.4547320147789866
0.41354721516740733,0.5864527848325929
0.21044785703307495,0.7895521429669249
0.6222076848180084,0.37779231518199163
6.938893903907228e-17,0.9999999999999999
0.5877189875411651,0.41228101245883503
0.45401544183751985,0.54598455816248
0.6747936168239304,0.32520638317606954
0.2038277260840805,0.7961722739159195
0.0,1.0
0.5542577371763313,0.44574226282366863
0.028651371248908403,0.9713486287510915
0.5251622400021193,0.47483775999788064
1.1102230246251565e-16,0.9999999999999999
0.0338603109648896,0.9661396890351102
0.0,1.0
0.6837880892243703,0.31621191077562966
0.0,1.0
0.42684888529225234,0.5731511147077477
0.2579606443216453,0.7420393556783548
5.551115123125783e-17,1.0
5.551115123125783e-17,1.0
0.14610630171730637,0.8538936982826937
0.6614948538728055,0.3385051461271945
0.06289334892479594,0.937106651075204
0.283115335060608,0.7168846649393918
0.4583772247170857,0.5416227752829141
0.17197455959104246,0.8280254404089576
0.09896566569700498,0.9010343343029951
0.17240906334974204,0.8275909366502581
0.0,1.0
0.5159820476931617,0.4840179523068383
0.0,1.0
0.5,0.5
0.5749465566654073,0.4250534433345926
0.0,1.0
0.27306476595723905,0.7269352340427612
0.399164832808525,0.600835167191475
0.5172132787792196,0.48278672122078026
0.5,0.5
0.29457287554152733,0.7054271244584726
0.6376615815428074,0.3623384184571925
0.03617696762744664,0.9638230323725533
0.45530832451213743,0.5446916754878626
0.5164597186029584,0.4835402813970416
0.6072092943809608,0.39279070561903906
0.4813309942194766,0.5186690057805234
0.0,1.0
0.07759160644352595,0.9224083935564742
0.49952086719020744,0.5004791328097925
1.1102230246251565e-16,1.0
0.12598770872507792,0.8740122912749221
0.5,0.5
1.942890293094024e-16,0.9999999999999999
0.14741074226054057,0.8525892577394596
0.41275962539618566,0.5872403746038141
0.0,1.0
1.1102230246251565e-16,0.9999999999999999
0.5223159104357679,0.47768408956423225
0.17197472165548658,0.8280252783445134
0.03872865111337849,0.9612713488866216
4.996003610813204e-16,0.9999999999999996
0.0,1.0
0.0742730000766609,0.9257269999233391
0.4925314467342827,0.5074685532657173
0.2675257943463754,0.7324742056536245
0.5,0.5
0.0,1.0
0.5,0.5
0.5089252125725152,0.4910747874274847
0.6856389435935843,0.31436105640641526
0.5,0.5
0.0,1.0
0.1678640025782933,0.8321359974217067
0.596864460638963,0.40313553936103685
0.6662018121690558,0.333798187830944
0.08076072221201966,0.9192392777879804
0.0,1.0
0.09763763438552236,0.9023623656144776
0.6813032414987098,0.31869675850129014
0.6017671538764239,0.39823284612357607
0.4943842888064115,0.5056157111935885
1.942890293094024e-16,0.9999999999999999
0.19525641015996606,0.8047435898400339
5.551115123125783e-16,0.9999999999999994
0.6762560332408761,0.32374396675912387
0.5235260545605867,0.47647394543941324
0.257721012897873,0.742278987102127
0.552115384725342,0.44788461527465806
0.6366287507715822,0.3633712492284176
0.5844281222838388,0.41557187771616105
0.6241517811220958,0.37584821887790426
0.23760879606003957,0.7623912039399605
4.996003610813204e-16,0.9999999999999996
0.5180343573727083,0.4819656426272915
0.5292544179795229,0.4707455820204772
0.5722700374953199,0.4277299625046801
0.4768044222355381,0.523195577764462
0.048455655928507556,0.9515443440714925
5.551115123125783e-17,1.0
0.5853342106724491,0.41466578932755094
0.29485794395456316,0.7051420560454367
5.551115123125783e-17,1.0
0.0,1.0
0.0,1.0
0.5,0.5
1.1102230246251565e-16,1.0
0.5143986045102245,0.48560139548977554
0.6666360232241585,0.3333639767758418
9.71445146547012e-17,1.0
0.49024814219026025,0.5097518578097398
0.0,1.0
0.6144327037920512,0.3855672962079489
0.054985093473123435,0.9450149065268766
0.25798904345020973,0.7420109565497902
0.5178376243009523,0.48216237569904763
0.2063067516971748,0.7936932483028252
5.551115123125783e-17,1.0
0.5670037921161533,0.4329962078838467
0.2579795101715842,0.7420204898284158
0.6684680446099392,0.33153195539006086
0.20648142220912474,0.7935185777908753
0.6860131968074029,0.3139868031925971
0.10862338775532758,0.8913766122446725
0.013485589352015003,0.986514410647985
0.47613038696710613,0.5238696130328938
0.4043784265161762,0.5956215734838238
0.5,0.5
0.19801661808657958,0.8019833819134203
0.5,0.5
0.1504343960093167,0.8495656039906833
5.551115123125783e-17,1.0
0.20646529909786138,0.7935347009021386
7.216449660063518e-16,0.9999999999999992
5.551115123125783e-17,1.0
0.1952316362226155,0.8047683637773846
0.6700609655641657,0.32993903443583394
0.4730897508504845,0.5269102491495155
0.0,1.0
0.6175986681801687,0.38240133181983127
0.5781189210502367,0.42188107894976346
0.6123017331289503,0.3876982668710495
0.5,0.5
0.08079177235807115,0.9192082276419288
0.4696390653180628,0.5303609346819371
0.04056326117603351,0.9594367388239664
0.1571448811637289,0.8428551188362711
0.0,1.0
0.5897479363097266,0.4102520636902734
0.5,0.5
0.06967331870718267,0.9303266812928173
0.20638220152576073,0.7936177984742393
0.3534626439213754,0.6465373560786246
0.6028096695125048,0.39719033048749547
0.04524951073568485,0.9547504892643153
5.551115123125783e-16,0.9999999999999994
0.3442612662918928,0.6557387337081073
0.0,1.0
0.14741169335503132,0.8525883066449687
5.551115123125783e-17,1.0
0.625266313182505,0.374733686817495
0.0,1.0
0.4043671839965807,0.5956328160034191
0.28967796683705943,0.7103220331629406
0.6342150332504356,0.3657849667495644
0.41274133451019857,0.5872586654898015
0.2585719234938068,0.7414280765061931
0.6727757705256531,0.32722422947434693
0.3439572791794049,0.6560427208205953
0.3286695675924421,0.671330432407558
0.6353034302368582,0.3646965697631418
0.0,1.0
0.5,0.5
5.551115123125783e-17,1.0
8.326672684688674e-17,1.0
0.06514615291999103,0.934853847080009
0.3324650458990733,0.6675349541009268
0.3473809066549928,0.652619093345007
0.6407807917381351,0.3592192082618649
1.6653345369377348e-16,0.9999999999999999
0.0,1.0
0.2331262745928641,0.7668737254071358
0.10644658869837788,0.8935534113016221
0.05316906540258099,0.946830934597419
0.5062729323201871,0.4937270676798128
0.596597344397141,0.403402655602859
0.0,1.0
0.14741105844920802,0.8525889415507919
0.024120231674578108,0.9758797683254219
0.44459694455735377,0.5554030554426463
0.5159139883055638,0.48408601169443627
0.6243795595586992,0.37562044044130083
0.037120002271681496,0.9628799977283186
0.4628238164827555,0.5371761835172444
0.1149336696826074,0.8850663303173927
0.5323960987721404,0.4676039012278596
5.551115123125783e-17,1.0
0.15228444121681764,0.8477155587831824
0.5,0.5
0.4127517099781556,0.5872482900218445
0.5807523499716094,0.4192476500283906
0.5,0.5
0.0,1.0
0.0,1.0
0.040714033186581566,0.9592859668134184
0.5,0.5
0.6382527776774035,0.36174722232259654
0.09719462775158047,0.9028053722484196
0.5,0.5
0.008761662054060535,0.9912383379459394
2.220446049250313e-16,0.9999999999999998
0.0,1.0
0.5,0.5
0.43973333688009736,0.5602666631199024
0.6451792529143793,0.3548207470856208
1.1102230246251565e-16,1.0
0.41599180672844066,0.5840081932715593
0.2852613697732179,0.714738630226782
0.5244957505493762,0.47550424945062403
0.6019584488197147,0.39804155118028534
0.041009833335323875,0.9589901666646762
1.942890293094024e-16,0.9999999999999998
0.3116545963961911,0.688345403603809
0.3438900532581912,0.6561099467418089
0.5,0.5
0.08406645951867651,0.9159335404813235
0.38179878970924125,0.6182012102907587
0.40438633959004694,0.595613660409953
0.5783314765373668,0.42166852346263317
8.326672684688674e-17,1.0
0.5,0.5
0.3564255809153321,0.643574419084668
0.2897356724584345,0.7102643275415654
0.33407956011860457,0.6659204398813954
0.46946443103343827,0.5305355689665617
0.5158348414590813,0.48416515854091874
0.008834899062867451,0.9911651009371326
0.5688996313688021,0.4311003686311978
0.20627923619470032,0.7937207638052998
0.15906893078469664,0.8409310692153034
0.6223984021402552,0.3776015978597446
0.5,0.5
0.4866283579046818,0.5133716420953183
0.126464725381713,0.8735352746182871
4.163336342344337e-17,1.0
0.3394169719921303,0.6605830280078696
0.4600528080226641,0.539947191977336
0.36439317287575734,0.6356068271242424
0.34392520402631754,0.6560747959736825
0.7318839289829926,0.2681160710170075
0.1719854775972877,0.8280145224027122
1.1102230246251565e-16,0.9999999999999999
0.6711949892884995,0.32880501071150053
0.0,1.0
0.47189593790781703,0.5281040620921831
0.0,1.0
0.6157008822255389,0.384299117774461
0.6575154166259559,0.34248458337404414
0.017531277941790695,0.9824687220582095
0.58680768442251,0.41319231557748975
0.36750310234279254,0.6324968976572074
0.558095358677503,0.4419046413224972
0.5158683763499736,0.48413162365002627
0.2586091213733072,0.7413908786266931
2.7755575615628914e-16,0.9999999999999998
0.10656337758864645,0.8934366224113536
0.039137461831295565,0.9608625381687045
2.220446049250313e-16,0.9999999999999998
0.5,0.5
0.20637917505168393,0.793620824948316
4.440892098500626e-16,0.9999999999999997
0.4962110521587504,0.5037889478412497
0.025012108809286254,0.9749878911907138
0.2949063106601719,0.7050936893398283
0.1709678800585289,0.8290321199414711
0.4043784265161762,0.5956215734838238
0.5457988146612471,0.4542011853387527
0.5,0.5
0.645079874633053,0.3549201253669469
0.5,0.5
2.498001805406602e-16,0.9999999999999998
0.600649372795686,0.3993506272043141
0.6582480044435335,0.34175199555646646
0.5762762393316037,0.4237237606683964
2.7755575615628914e-17,1.0
0.004693690605675209,0.9953063093943247
0.4361170239646161,0.5638829760353838
0.5,0.5
0.09751675457614335,0.9024832454238567
0.5522208400287346,0.4477791599712652
0.31915845316445624,0.6808415468355439
0.6454673989141562,0.3545326010858439
0.25799134713805677,0.7420086528619432
0.400154092091581,0.599845907908419
3.885780586188048e-16,0.9999999999999996
0.5159533221073099,0.4840466778926901
0.5743377717586482,0.42566222824135197
0.0,1.0
0.4637187880282244,0.5362812119717756
1.1102230246251565e-16,1.0
0.5,0.5
0.0,1.0
0.38559339546206134,0.6144066045379385
0.666895466362945,0.33310453363705483
0.5393643482555762,0.46063565174442384
0.0307165858004472,0.9692834141995528
0.039107486064585875,0.9608925139354141
0.30708093599515474,0.6929190640048455
0.0,1.0
0.0,1.0
0.025504540981392383,0.9744954590186077
0.5024978677742183,0.4975021322257817
5.551115123125783e-17,1.0
0.0,1.0
0.6467495476092555,0.35325045239074454
0.5366763805134465,0.4633236194865536
0.5201923512913286,0.4798076487086714
0.635464699794851,0.36453530020514874
0.6035493345784549,0.3964506654215449
0.5883933569322333,0.4116066430677666
0.6565614130390037,0.3434385869609962
0.20663327333335807,0.793366726666642
0.2745968618394629,0.7254031381605371
1.1102230246251565e-16,0.9999999999999999
0.3505120053887367,0.6494879946112633
0.5157331489565984,0.4842668510434018
0.13196838937642646,0.8680316106235735
0.07762653115195635,0.9223734688480436
0.0,1.0
0.12897385721220408,0.8710261427877958
1.3877787807814457e-16,1.0
8.326672684688674e-17,1.0
0.0,1.0
4.996003610813204e-16,0.9999999999999996
0.5,0.5
0.3801076342941063,0.6198923657058937
0.5747989473826887,0.42520105261731117
7.216449660063518e-16,0.9999999999999992
4.440892098500626e-16,0.9999999999999997
2.7755575615628914e-17,1.0
0.6486738870639506,0.35132611293604954
0.5048846570256784,0.49511534297432164
0.6292526814365921,0.37074731856340787
0.5161815676690137,0.48381843233098637
5.551115123125783e-17,1.0
0.5,0.5
0.5649763449237437,0.4350236550762563
1.6653345369377348e-16,1.0
0.0,1.0
0.5132199920086652,0.4867800079913347
0.5181568893346201,0.4818431106653798
0.6960079920528128,0.30399200794718717
0.0,1.0
0.5888401221417882,0.4111598778582117
0.5159380881033554,0.4840619118966447
0.07020671259928028,0.9297932874007198
0.0980839899977081,0.9019160100022919
0.5518274866764931,0.44817251332350694
0.0,1.0
0.0,1.0
0.43397776489769463,0.5660222351023055
0.0,1.0
0.48707264353603746,0.5129273564639625
0.5203571249183011,0.4796428750816987
0.2580401194655441,0.7419598805344558
1.942890293094024e-16,0.9999999999999999
3.0531133177191805e-16,0.9999999999999998
0.4305533744135739,0.5694466255864263
0.044733992517114685,0.9552660074828853
1.1102230246251565e-16,1.0
0.5,0.5
0.6618756253010065,0.3381243746989934
1.1102230246251565e-16,1.0
0.6315407924648679,0.3684592075351319
0.6669460787771978,0.33305392122280214
3.0531133177191805e-16,0.9999999999999997
0.11466916043438809,0.8853308395656119
0.4952131452365286,0.5047868547634713
0.5798573470635231,0.4201426529364772
0.0,1.0
3.3306690738754696e-16,0.9999999999999998
0.10198908287283094,0.898010917127169
0.520460737492854,0.47953926250714607
5.551115123125783e-17,1.0
0.0,1.0
0.43425461575644986,0.5657453842435503
0.5,0.5
0.37793933413922787,0.6220606658607721
0.5021809066395668,0.49781909336043334
0.5860553847260773,0.4139446152739227
0.08241335425159549,0.9175866457484043
0.08833022655701547,0.9116697734429845
0.1952403779021523,0.8047596220978477
0.5229338571657439,0.4770661428342559
0.14965568374147814,0.8503443162585218
0.5159338205285965,0.48406617947140357
0.023833244972025727,0.9761667550279742
0.8107270660561561,0.18927293394384398
2.7755575615628914e-17,1.0
0.3166603781282915,0.6833396218717085
2.7755575615628914e-16,0.9999999999999998
0.5,0.5
0.5,0.5
0.5,0.5
0.6343642220102145,0.3656357779897854
0.0,1.0
0.041753616154048954,0.9582463838459511
0.17158604993764617,0.828413950062354
0.2579890453116727,0.7420109546883271
0.03131916683193435,0.9686808331680656
0.5076373318396509,0.4923626681603492
0.6370620667805432,0.3629379332194566
0.02388659169577644,0.9761134083042237
0.5899446882206173,0.4100553117793826
0.0,1.0
0.39251804724335676,0.6074819527566433
0.5687456836742821,0.431254316325718
0.37260718234008305,0.6273928176599174
0.0,1.0
5.551115123125783e-17,1.0
0.1952023626870142,0.8047976373129859
0.015374466558286252,0.9846255334417138
7.216449660063518e-16,0.9999999999999992
5.551115123125783e-17,1.0
0.3694959534891002,0.6305040465108998
0.43772908230894997,0.56227091769105
0.5967238146822437,0.4032761853177564
0.5155925219878548,0.4844074780121452
0.0,1.0
0.5601465476675094,0.4398534523324905
2.5673907444456745e-16,0.9999999999999997
0.5,0.5
0.21366556580330656,0.7863344341966936
0.17201296843857058,0.8279870315614295
0.4480502181047011,0.5519497818952989
0.0,1.0
0.0,1.0
0.5163698597283917,0.48363014027160844
0.06458099711113492,0.9354190028888651
0.5960933337755995,0.4039066662244004
0.6292687768884699,0.3707312231115302
0.0,1.0
0.5745120582659039,0.42548794173409593
0.04223043275388448,0.9577695672461157
0.702485487282997,0.29751451271700285
5.551115123125783e-17,1.0
0.6702721015766583,0.32972789842334166
0.23607748888411648,0.7639225111158835
0.07748112397635305,0.9225188760236469
8.326672684688674e-17,1.0
0.5,0.5
0.5061336184386164,0.49386638156138346
0.38214854463771836,0.6178514553622816
0.14932417095945738,0.8506758290405427
0.04131825818475429,0.9586817418152457
0.6806268269891669,0.31937317301083307
0.0,1.0
0.57142305565139,0.4285769443486101
0.40773339839060907,0.5922666016093909
0.577382198688349,0.4226178013116511
0.09740461786957158,0.9025953821304283
1.1102230246251565e-16,1.0
1.6653345369377348e-16,0.9999999999999998
1.1102230246251565e-16,1.0
0.7662009509986577,0.23379904900134224
0.0,1.0
0.054730978719421765,0.9452690212805783
0.0,1.0
2.7755575615628914e-17,1.0
0.5060699631110754,0.4939300368889247
0.5627159038056407,0.43728409619435926
0.5,0.5
0.0,1.0
0.12899424219449168,0.8710057578055083
0.43427000085511797,0.5657299991448819
0.6378588074224643,0.3621411925775359
0.02633109758958737,0.9736689024104126
0.14508013912776002,0.8549198608722399
0.11027311091842683,0.8897268890815733
2.7755575615628914e-16,0.9999999999999998
0.343990694769506,0.6560093052304942
0.391175214201212,0.6088247857987881
0.0,1.0
0.2921657301879106,0.7078342698120894
0.2400058778674966,0.7599941221325033
0.1464868749403171,0.8535131250596828
0.12891314699198583,0.871086853008014
0.6119955411209764,0.3880044588790237
0.5046377149781119,0.49536228502188806
0.6719182091211714,0.32808179087882866
0.6494926394453143,0.3505073605546856
0.10495866484992064,0.8950413351500794
0.3442362602800131,0.6557637397199869
5.551115123125783e-17,1.0
0.25888319061720233,0.7411168093827978
0.5260022110108391,0.47399778898916084
0.502642993101373,0.4973570068986271
0.6253325473909095,0.3746674526090906
0.5,0.5
0.6281031703440226,0.37189682965597753
0.0,1.0
0.4422462974395126,0.5577537025604873
1.1102230246251565e-16,1.0
5.551115123125783e-17,1.0
0.5240647628934371,0.4759352371065629
0.3079481578773422,0.6920518421226577
5.551115123125783e-17,1.0
0.39251813665032464,0.6074818633496754
0.5158463549494205,0.4841536450505794
0.5,0.5
0.21781478179952055,0.7821852182004795
0.19210687903638757,0.8078931209636123
0.5766968397036663,0.42330316029633364
0.2291486985819804,0.7708513014180197
0.10332961802379484,0.8966703819762052
0.0,1.0
0.07760778882474227,0.9223922111752578
0.3635986291835557,0.6364013708164445
0.0,1.0
0.0,1.0
0.669979099529103,0.330020900470897
0.5,0.5
0.0,1.0
0.5858027840457584,0.4141972159542418
1.6653345369377348e-16,0.9999999999999999
0.016218821211158994,0.983781178788841
0.12890437263025545,0.8710956273697446
0.0,1.0
0.5159502224041107,0.4840497775958894
1.6653345369377348e-16,0.9999999999999998
0.34408845364626356,0.6559115463537364
0.019363072156009437,0.9806369278439904
0.5,0.5
0.34393078867345456,0.6560692113265455
0.5157492059279616,0.4842507940720383
0.5,0.5
0.0,1.0
0.4044589806091338,0.5955410193908663
0.4828608081248095,0.5171391918751905
0.06846644324243745,0.9315335567575624
2.7755575615628914e-16,0.9999999999999998
0.11884727983311555,0.8811527201668845
0.5738437609088334,0.4261562390911666
0.6353704108480231,0.3646295891519766
0.5574314765788407,0.4425685234211592
0.14739408128951925,0.8526059187104807
0.0,1.0
0.39890363056362893,0.6010963694363711
7.216449660063518e-16,0.9999999999999992
0.6750237667067439,0.3249762332932562
0.6212737070338311,0.378726292966169
0.008875349041917108,0.9911246509580829
0.5470603283449168,0.4529396716550832
0.0,1.0
1.1102230246251565e-16,0.9999999999999999
6.938893903907228e-18,1.0
0.34397658717947166,0.6560234128205283
0.0,1.0
5.551115123125783e-17,1.0
0.03995702665934799,0.960042973340652
0.403513679174899,0.596486320825101
0.41713733955317667,0.5828626604468236
0.0,1.0
0.6634397982088797,0.3365602017911205
0.2579684505687167,0.7420315494312832
1.1102230246251565e-16,0.9999999999999999
0.5538818272862057,0.4461181727137943
0.3438407271777263,0.6561592728222737
5.551115123125783e-17,0.9999999999999999
0.0,1.0
0.5215112655812479,0.47848873441875217
0.20646044675097427,0.7935395532490257
0.6297161975392092,0.3702838024607908
5.551115123125783e-17,1.0
0.3439555285033638,0.6560444714966361
0.20637023844139055,0.7936297615586094
0.5,0.5
0.3186329465753636,0.6813670534246367
0.0,1.0
0.0,1.0
0.5,0.5
2.636779683484747e-16,0.9999999999999997
0.0,1.0
0.009155379070486067,0.990844620929514
0.5,0.5
0.7694694238823646,0.2305305761176354
0.4839456276531058,0.5160543723468944
0.3700410654335634,0.6299589345664366
0.5,0.5
0.4213307868728592,0.5786692131271408
0.5518157954369557,0.44818420456304425
0.17547823913818075,0.8245217608618192
0.0,1.0
0.4770405802303504,0.5229594197696495
7.632783294297951e-17,1.0
0.39780045811418996,0.6021995418858102
0.5286361224098113,0.47136387759018883
0.0,1.0
0.7289859912076184,0.27101400879238163
0.0,1.0
0.34770330155593876,0.6522966984440612
1.1102230246251565e-16,1.0
0.590998537224263,0.4090014627757369
0.5224882254547593,0.47751177454524063
1.1102230246251565e-16,1.0
5.551115123125783e-17,1.0
0.18560293322915297,0.814397066770847
5.551115123125783e-17,1.0
1.1102230246251565e-16,1.0
0.13520795485974052,0.8647920451402596
0.3634855900286612,0.6365144099713387
0.6748349926328722,0.3251650073671278
0.40446830727451116,0.5955316927254889
0.6117198900652427,0.3882801099347573
0.0,1.0
0.19608016006464807,0.8039198399353518
6.730727086790012e-16,0.9999999999999993
0.04993678939804371,0.9500632104193978
0.45014403626072913,0.5498559637392707
0.5239795483648783,0.47602045163512174
0.6870959195383977,0.3129040804616025
0.5,0.5
0.31345885516207606,0.6865411448379238
0.5339772792654118,0.4660227207345881
0.0,1.0
0.5,0.5
0.0,0.9999999999999999
0.5,0.5
1.1102230246251565e-16,0.9999999999999999
0.5601106648815525,0.43988933511844747
0.04047066784398987,0.9595293321560102
0.49725191374947525,0.5027480862505248
0.5,0.5
0.2065792039936529,0.7934207960063472
5.551115123125783e-17,1.0
0.0,1.0
0.25788957095196346,0.7421104290480367
0.0,1.0
0.5,0.5
0.5953314958749055,0.4046685041250944
0.17207513077160894,0.8279248692283911
0.4063480570912361,0.5936519429087639
0.07596547191837752,0.9240345280816225
0.522429995238781,0.477570004761219
0.5996466768071337,0.4003533231928662
0.20630044368527825,0.7936995563147218
0.0,1.0
5.551115123125783e-17,1.0
0.5,0.5
0.20576886887523493,0.794231131124765
0.6400291928300887,0.3599708071699114
0.5328751775405202,0.46712482245948
0.06428106695771466,0.9357189330422854
0.7588227528793596,0.24117724712064026
0.46652736709534726,0.5334726329046526
0.1952256390137984,0.8047743609862017
0.5920593019652973,0.4079406980347026
6.938893903907228e-17,0.9999999999999999
0.5352974115805766,0.46470258841942336
0.04747667682701352,0.9525233231729864
0.0,1.0
0.6064355455518249,0.39356445444817517
1.942890293094024e-16,0.9999999999999999
0.0,1.0
0.0,1.0
0.5690604571133111,0.43093954288668873
0.20606762603223197,0.793932373967768
0.5,0.5
0.5159006555070661,0.4840993444929339
0.0,1.0
0.0,1.0
5.551115123125783e-16,0.9999999999999996
0.06480768486305541,0.9351923151369446
2.7755575615628914e-16,0.9999999999999998
0.5868650067748151,0.41313499322518493
0.0,1.0
0.02727896743554081,0.9727210325644593
5.551115123125783e-17,1.0
2.7755575615628914e-16,0.9999999999999998
0.4044243914004913,0.5955756085995086
0.3821147077516413,0.6178852922483588
0.0,1.0
5.551115123125783e-17,1.0
0.0,1.0
0.03617696762744664,0.9638230323725533
0.6515255355668085,0.3484744644331916
0.10525446576554663,0.8947455342344532
0.0,1.0
5.551115123125783e-17,1.0
0.4882023169515156,0.5117976830484844
0.4050174503526168,0.5949825496473834
8.326672684688674e-17,1.0
0.07429500860336477,0.9257049913966353
0.5,0.5
0.0,1.0
0.5980816487405899,0.40191835125941
0.35461171283977216,0.645388287160228
0.45861068576965913,0.541389314230341
0.5496371493674812,0.45036285063251874
0.10973897961083705,0.8902610203891631
0.3818214319714654,0.6181785680285347
0.5832899474589841,0.41671005254101595
5.551115123125783e-17,1.0
0.4200857229383459,0.579914277061654
0.6540773650338552,0.34592263496614506
0.2061827378631041,0.7938172621368957
0.0026979786444739466,0.9973020213555259
0.5,0.5
0.0,1.0
0.544758140408713,0.45524185959128693
0.18760359980369526,0.8123964001963047
0.07983405933253288,0.9201659406674673
0.7098307860737247,0.29016921392627515
0.0,1.0
2.7755575615628914e-17,0.9999999999999999
0.28974579636866316,0.7102542036313368
5.551115123125783e-17,1.0
0.147353453142063,0.852646546857937
3.3306690738754696e-16,0.9999999999999998
0.0,1.0
0.08279628534977407,0.9172037146502259
0.04686972348457926,0.9531302765154205
0.03936001678836906,0.960639983211631
0.0,1.0
0.04482739895716192,0.9551726010428381
0.016084253992805424,0.9839157460071947
4.163336342344337e-17,1.0
0.0,1.0
0.5348371788700914,0.46516282112990864
0.5,0.5
0.45328151077424284,0.5467184892257572
0.590886840663026,0.40911315933697406
0.5,0.5
4.163336342344337e-17,1.0
0.5,0.5
0.0,1.0
0.5261454223059466,0.4738545776940533
0.5317804715596136,0.46821952844038633
0.6312543635124065,0.3687456364875934
0.0,1.0
0.05805647014794209,0.941943529852058
1.1102230246251565e-16,1.0
0.0,1.0
0.4043784265161762,0.5956215734838238
0.4643109503346475,0.5356890496653528
0.6149827546803914,0.3850172453196086
0.6535118762935755,0.34648812370642446
0.43444394521871976,0.5655560547812802
0.25796780966968264,0.7420321903303174
0.27657556798191607,0.7234244320180839
0.27408750395881754,0.7259124960411825
0.43657866999940775,0.5634213300005922
0.6294686211977422,0.3705313788022579
0.13435916138836113,0.8656408386116391
0.5,0.5
0.6027610810338829,0.3972389189661173
0.0,1.0
0.7175788301124171,0.28242116988758287
0.4228002789384028,0.5771997210615971
8.326672684688674e-17,1.0
0.5317375533193783,0.4682624466806216
5.551115123125783e-17,0.9999999999999999
0.534216469093747,0.46578353090625313
0.0,1.0
4.85722573273506e-17,1.0
0.40052429586648974,0.5994757041335103
0.5122595543085307,0.4877404456914694
0.34891192922407527,0.6510880707759248
1.1102230246251565e-16,1.0
0.5551517123318767,0.44484828766812334
0.7124916644022184,0.28750833559778144
0.31249743646811773,0.6875025635318824
0.44530960153410454,0.5546903984658959
0.0,1.0
0.5,0.5
5.551115123125783e-17,1.0
1.3877787807814457e-16,0.9999999999999999
0.6649233757413822,0.3350766242586179
0.6168367483073962,0.3831632516926036
0.4404378200466587,0.5595621799533413
0.03841841882791488,0.9615815811720849
0.5731758180238099,0.42682418197618993
0.0,1.0
0.5,0.5
0.5,0.5
0.5070434245022389,0.4929565754977611
0.0,1.0
0.5752542590410312,0.42474574095896883
0.5921853066088851,0.40781469339111465
0.36883204216920334,0.6311679578307968
5.551115123125783e-17,0.9999999999999999
0.540851432723682,0.459148567276318
0.0,1.0
0.585142524777145,0.41485747522285504
0.6223845687966026,0.377615431203397
0.0,1.0
0.17198200841883687,0.8280179915811632
0.4886894559882738,0.5113105440117262
0.47685159084308687,0.5231484091569133
0.061065453031345404,0.9389345469686546
0.17198008081690674,0.8280199191830934
0.2058148154661873,0.7941851845338127
0.25804590488458723,0.7419540951154129
0.4127760161166531,0.5872239838833468
5.551115123125783e-17,0.9999999999999999
1.1102230246251565e-16,1.0
0.6710431546370478,0.32895684536295217
0.2842426836246874,0.7157573163753125
0.12903948164223425,0.8709605183577657
0.466624156120795,0.5333758438792052
0.5053984120581483,0.4946015879418517
0.16786791213894156,0.8321320878610585
0.5962599281711591,0.4037400718288409
0.6545265816538678,0.34547341834613216
0.4138118028640747,0.5861881971359253
0.0,1.0
0.5710936770396563,0.4289063229603438
0.37133383791578484,0.628666162084215
0.5,0.5
0.0,1.0
0.037672188374249,0.9623278116257509
0.0,1.0
0.0,1.0
0.5,0.5
0.0,1.0
0.0,1.0
5.551115123125783e-17,1.0
0.20660585046535712,0.7933941495346428
0.5857992902815563,0.4142007097184436
0.44141455076035374,0.5585854492396463
0.5169086706328726,0.48309132936712745
0.382212289801671,0.6177877101983291
5.551115123125783e-17,1.0
0.46023258535666667,0.5397674146433334
0.07282535578557284,0.9271746442144275
0.5,0.5
0.5162414148443639,0.483758585155636
4.85722573273506e-17,1.0
0.5,0.5
0.5,0.5
0.09111001896323674,0.9088899810367632
0.5,0.5
0.6638755979356925,0.33612440206430755
0.13133231934535733,0.868667680654643
0.11463563613046118,0.8853643638695388
0.5,0.5
0.0,1.0
0.0,1.0
8.326672684688674e-17,1.0
0.5,0.5
0.5159446135633414,0.4840553864366586
3.3306690738754696e-16,0.9999999999999998
8.326672684688674e-17,1.0
0.0,1.0
0.0,1.0
0.20639282333300427,0.7936071766669958
0.20708918817611238,0.7929108118238877
2.7755575615628914e-17,1.0
0.5,0.5
0.0,1.0
1.6653345369377348e-16,1.0
0.025368005552861134,0.9746319944471389
0.5,0.5
0.0,1.0
0.042943403614375424,0.9570565963856245
0.45652515856858555,0.5434748414314144
0.35287244860802286,0.6471275513919772
0.2579200109044289,0.7420799890955712
0.025375608148808917,0.9746243918511912
0.09440162928821821,0.9055983707117816
0.4292382151594008,0.5707617848405993
0.0,1.0
0.48741529656116434,0.5125847034388356
0.32661639153957367,0.6733836084604263
0.2897716080569437,0.7102283919430564
0.644020866285995,0.355979133714005
0.0,1.0
0.3346212072882093,0.6653787927117907
4.440892098500626e-16,0.9999999999999997
0.0,1.0
0.3203083612024784,0.6796916387975216
0.027089745043864754,0.9729102549561353
0.1013653601495948,0.8986346398504053
0.0,1.0
0.09504170773118892,0.9049582922688111
0.49984995683955535,0.5001500431604446
6.938893903907228e-17,1.0
0.18598975718994223,0.8140102428100577
0.17195856272221785,0.8280414372777822
0.25874006546711065,0.7412599345328894
0.033537119772550535,0.9664628802274494
0.4205500907363192,0.5794499092636808
0.5535402675035338,0.446459732496466
0.0,1.0
0.456910024064212,0.543089975935788
3.0531133177191805e-16,0.9999999999999998
0.20637296723202267,0.7936270327679774
0.2580896281996687,0.7419103718003313
0.0,1.0
0.25901461881295096,0.7409853811870493
0.007693484922280769,0.9923065150777193
0.20625284902765242,0.7937471509723476
0.21872278029320563,0.7812772197067944
0.5,0.5
0.43489052945922513,0.5651094705407749
0.3820944626103972,0.6179055373896027
0.0,1.0
0.6028026867187859,0.3971973132812141
0.5,0.5
0.06083543752585668,0.9391645624741434
2.5673907444456745e-16,0.9999999999999997
0.5,0.5
0.053824179414330604,0.9461758205856693
0.4891281975519502,0.5108718024480499
0.0,1.0
0.11291400476069548,0.8870859952393043
0.3513190662488342,0.6486809337511659
0.6278049665937729,0.37219503340622717
0.5731883275913421,0.4268116724086579
0.12889447162323747,0.8711055283767626
4.996003610813204e-16,0.9999999999999996
0.34396438604681523,0.6560356139531847
0.11873156379664358,0.8812684362033565
1.1102230246251565e-16,0.9999999999999999
0.4822910724469053,0.5177089275530948
0.20852290070906573,0.7914770992909343
1.1102230246251565e-16,1.0
0.0,1.0
0.006545398929689512,0.9934546010703106
0.5143329417858254,0.4856670582141744
0.0,1.0
0.5547979528526262,0.4452020471473736
0.6092291512707326,0.39077084872926715
0.5954090494549352,0.4045909505450647
0.7010697194983044,0.2989302805016954
0.5128473068252903,0.4871526931747094
0.2059683261196107,0.7940316738803894
0.5229372596723593,0.4770627403276407
5.551115123125783e-17,0.9999999999999999
5.551115123125783e-17,1.0
0.44804620807167866,0.5519537919283212
2.0816681711721685e-17,1.0
5.551115123125783e-16,0.9999999999999996
0.6554942956747674,0.3445057043252325
0.0,1.0
2.220446049250313e-16,0.9999999999999998
0.0,1.0
0.5164002506460258,0.48359974935397443
0.2823602917457452,0.7176397082542549
0.015443613468533133,0.9845563865314668
2.220446049250313e-16,0.9999999999999998
0.3361807443236681,0.6638192556763318
0.47555613526668167,0.5244438647333183
0.41493255067989976,0.5850674493201004
0.500206609070301,0.49979339092969893
0.5913602965839306,0.4086397034160692
0.6389015245342473,0.3610984754657527
0.6522835019173058,0.3477164980826942
0.43357565992475083,0.566424340075249
0.7366142491724852,0.2633857508275148
0.638297948869392,0.3617020511306081
0.5161259697451632,0.4838740302548367
5.551115123125783e-17,1.0
0.28927823574845973,0.7107217642515401
1.1102230246251565e-16,1.0
0.03465354829024368,0.9653464517097562
0.5160668263687206,0.4839331736312793
3.469446951953614e-18,1.0
0.1474061327194922,0.8525938672805078
0.43101682143385106,0.568983178566149
0.16786523097580394,0.8321347690241961
0.0,1.0
0.25795756643397616,0.7420424335660238
0.5728918790717551,0.42710812092824474
0.0,1.0
4.401860820291148e-17,1.0
0.11113953861857441,0.8888604613814256
0.5973038423530926,0.40269615764690725
0.42876225965427456,0.5712377403457254
0.14783753515981854,0.8521624648401814
0.147925325730309,0.852074674269691
1.1102230246251565e-16,1.0
0.06600565049941946,0.9339943495005806
0.04558457313437022,0.9544154268656297
0.0,1.0
0.0,1.0
1.8041124150158794e-16,0.9999999999999998
0.0,1.0
0.03148678590573927,0.9685132140942607
0.32275538891553884,0.6772446110844612
0.14748935306661048,0.8525106469333895
0.343953613537712,0.656046386462288
0.6422143871897882,0.3577856128102117
3.191891195797325e-16,0.9999999999999998
0.0,1.0
0.5,0.5
0.5367955034350638,0.4632044965649363
0.6187484172605472,0.38125158273945253
0.0,1.0
0.1719544991639425,0.8280455008360575
5.551115123125783e-17,1.0
0.29480781476341733,0.7051921852365827
0.07586403010921726,0.9241359698907826
0.0,1.0
1.6653345369377348e-16,0.9999999999999998
0.0,1.0
4.85722573273506e-17,1.0
0.044627125677292,0.9553728743227081
0.5,0.5
0.0,1.0
0.20591186919787702,0.7940881308021229
1.1102230246251565e-16,0.9999999999999999
0.0014723537494605104,0.9985276462505395
0.6215215528093965,0.3784784471906036
0.04739812053456876,0.9526018794654313
0.5,0.5
0.0,1.0
0.48730304930023943,0.5126969506997607
0.12925640329057816,0.8707435967094217
0.5015000048093498,0.49849999519065025
0.0,1.0
0.4230833798646927,0.5769166201353073
0.6408587319508565,0.3591412680491435
0.0,1.0
0.18453943445299298,0.8154605655470071
0.0,1.0
1.1102230246251565e-16,1.0
0.17921357251101655,0.8207864274889836
1.0061396160665481e-16,0.9999999999999999
0.6415268918824634,0.3584731081175364
0.17235310397670253,0.8276468960232973
0.518940701163141,0.481059298836859
0.5762761318010233,0.4237238681989765
0.5876336469804678,0.4123663530195321
0.3942055157687474,0.6057944842312526
2.7755575615628914e-16,0.9999999999999998
0.05281470572602631,0.9471852942739738
0.5,0.5
0.5,0.5
2.220446049250313e-16,0.9999999999999998
0.5,0.5
0.5,0.5
0.17233792377679416,0.8276620762232061
0.6830370252880641,0.3169629747119357
0.5763670628716577,0.4236329371283424
0.5598335284317323,0.44016647156826766
0.11469742263909856,0.8853025773609015
0.0,1.0
