Column1,Column2,Column3
0.5892019268351602,0.26330577537721117,0.14749229778762865
0.3127888005409971,0.5408079052569268,0.14640329420207593
0.47558804565344825,0.3907205204485715,0.13369143389811824
0.6026748365850486,0.20591407586614846,0.191411087548803
0.5656959811951899,0.24502927922154868,0.18927473958326177
0.24236574035693373,0.6389363646840382,0.11869789495902804
0.6803638306167039,0.2480954070886896,0.07154076229460961
0.4652345589198699,0.40311115264569225,0.13165428843443805
0.24746523843679405,0.6434241069218287,0.10911065540596705
0.5471427483011889,0.3180157062298871,0.13484154546892418
0.10267214555614922,0.8592416814745872,0.03808617296926346
0.37980729134569013,0.4956546034275416,0.12453810522676817
0.5679668222236943,0.32929840427558404,0.10273477350072165
0.36977644438457935,0.5347800851422482,0.09544347047317243
0.2956286576439415,0.5811925039789736,0.12317883837708501
0.2949333025352062,0.5886582468392731,0.11640845062552083
0.5429797613027889,0.30193166119583487,0.15508857750137622
0.40711682251825876,0.4543019872205678,0.13858119026117338
0.49982030464210236,0.4209156154587033,0.07926407989919435
0.2825275984210089,0.6081911872468748,0.1092812143321163
0.0,0.9408079631010089,0.059192036898991066
0.35831149949490265,0.5452767415019522,0.09641175900314512
0.4766176692800969,0.35819691464104314,0.16518541607885995
0.19498032884039207,0.6361692007155865,0.1688504704440216
0.5908663952808482,0.343941849521063,0.0651917551980889
0.41482605859571003,0.4455759322525405,0.13959800915176315
0.4139072777314052,0.3995092890416995,0.1865834332268954
0.2940302778057516,0.5767194804227778,0.1292502417714722
0.544018257163644,0.34210477405153505,0.11387696878482083
0.38887492555397485,0.4776294654973193,0.13349560894870582
0.5041446515732833,0.2660727461222109,0.2297826023045059
0.6732895280653832,0.21810512899031193,0.10860534294430499
0.34311901247093696,0.5262465578050564,0.1306344297240067
0.4023598192773546,0.46929405562233933,0.12834612510030866
0.7034684229527439,0.1995831694046613,0.09694840764259478
0.1429117658445158,0.7744900538038965,0.08259818035158822
0.35534021196197524,0.5323734208967162,0.11228636714130882
0.15162226093452275,0.7056876108306331,0.1426901282348607
0.23781505186373614,0.644083637141249,0.11810131099501454
0.5387636924681077,0.33461244226673875,0.12662386526515357
0.30229225644497504,0.5519117840593436,0.14579595949568136
0.16558019633962348,0.7917752452823774,0.042644558377999096
0.2636723252561324,0.5957273117179277,0.14060036302594
0.4965108424958732,0.37189766875854685,0.13159148874557985
0.10406403975910795,0.7888494782633677,0.10708648197752442
0.24989881198140393,0.6287445171664839,0.12135667085211213
0.4603489047815281,0.5149216712701196,0.02472942394835231
0.34564569597236444,0.4712908999963633,0.18306340403127244
0.5738725758113264,0.297435071943446,0.12869235224522743
0.4065168032053489,0.46113193613709275,0.13235126065755845
0.38269805371603005,0.46084564965489416,0.15645629662907562
0.730398793417949,0.13516137627796904,0.1344398306104126
0.3157847300866255,0.6056101317924101,0.0786051381209645
0.45833051406787595,0.3998673838951058,0.14180210203701818
0.4808309057187989,0.3244259419778829,0.1947431523033182
0.2168515156490393,0.7054332007644473,0.0777152835956326
0.5191848780053308,0.32105762040896096,0.15975750158570953
0.28092077721961367,0.5278792629834239,0.1911999597969624
0.4594298431852071,0.3683598443245108,0.1722103124903708
0.5779022477612152,0.2975099114275666,0.12458784081121818
0.06970293333367794,0.8701839743222943,0.06011309234477813
0.5172066539224677,0.3805900971166548,0.10220324896087754
0.4759162533614206,0.4005884594183034,0.123495287220276
0.4338853034401779,0.46042741603772774,0.10568728052209576
0.3661541720981246,0.5268152156949957,0.10703061220687958
0.2859550741639352,0.6027858892352517,0.11125903660081324
0.10734648028525379,0.8124945256720957,0.08015899404280175
0.44903619698840336,0.3575709308547346,0.19339287215686216
0.40588394203188427,0.45209819178985,0.14201786617826584
0.5012120969145276,0.3535407213872556,0.14524718169821665
0.4331011800503759,0.49973635516554304,0.06716246478408112
0.29529925653740635,0.5649067242538958,0.13979401920869783
0.498922095102576,0.28951283465969135,0.21156507023773255
0.44196899190910827,0.36559924350282463,0.19243176458806704
0.41141891319344154,0.4616627619044448,0.12691832490211383
0.6518684191702215,0.2626907789450827,0.08544080188469598
0.7791515706196774,8.963478830698036e-17,0.22084842938032262
0.45815687031004715,0.3775396639377859,0.16430346575216695
0.385605597074915,0.4418924477231065,0.1725019552019786
0.6718486924326531,0.24970698329384391,0.07844432427350297
0.364739347292049,0.39963385573112503,0.23562679697682687
0.23210622971062517,0.6277115995389582,0.1401821707504167
0.15269350263569714,0.7583520686442748,0.08895442872012962
0.2198540798202182,0.6388326836444636,0.14131323653531816
0.41968870769358585,0.37635728351314274,0.20395400879335324
0.2524621867674879,0.7045704685467894,0.04296734468573006
0.5033764366086761,0.3333289126768939,0.16329465071442997
0.3911333482908444,0.4931964791692927,0.1156701725398629
0.6473305316685625,0.29796514613624236,0.05470432221005158
0.280998257645258,0.5831490017842985,0.13585274057044364
0.4076371541647813,0.4595313217036217,0.13283152413159713
0.33316186994715596,0.5392262210632729,0.1276119089896634
0.32141202075942754,0.643004610623119,0.03558336861745368
0.34300693627153794,0.533278134675938,0.12371492905252408
0.40847774185237423,0.44085899341350115,0.15066326473412486
0.3734369600504974,0.534859144487132,0.09170389546237043
0.3734217187249792,0.5089428898055801,0.1176353914694408
0.3216558953497566,0.5140726295349128,0.16427147511533063
0.5246261890988879,0.2992948021418221,0.17607900875929008
0.32256715363286426,0.5476323658275127,0.12980048053962304
0.42518876481157974,0.4279402849453354,0.1468709502430849
0.37707888375500004,0.4930260280524669,0.12989508819253331
0.6192021524606346,0.22032996154813303,0.1604678859912325
0.6789661698281457,0.2217283393064678,0.09930549087941362
0.5192274014660129,0.35094800109036506,0.12982459744362193
0.28353681814839665,0.555707964408801,0.16075521744280266
0.20480941172870312,0.7441358096484917,0.05105477862280517
0.5144813547379047,0.33985562600836794,0.14566301925373473
0.4337732896473277,0.360045003982752,0.2061817063699203
0.30589123382090866,0.5862254991595583,0.10788326701953618
0.4378453279010279,0.4251508293875807,0.13700384271139127
0.6013519908951716,0.316582624327674,0.08206538477715453
0.3730129459851169,0.5544129722349007,0.07257408177998231
0.27994155277137617,0.6742367608120555,0.04582168641656835
0.3491403147975993,0.4719623743446873,0.17889731085771318
0.1667220128276333,0.7957501789688067,0.03752780820356008
0.10725827202572237,0.7723117755031847,0.12042995247109294
0.4868787298130631,0.37412117591674654,0.1390000942701904
0.2978409817304607,0.6662285605919082,0.03593045767763117
0.28512393803499764,0.4962784064090406,0.21859765555596158
0.4009797385172537,0.4750293499849498,0.12399091149779667
0.24084219099577714,0.5641502538887228,0.19500755511550005
0.16163700148847596,0.7646273062584127,0.07373569225311127
0.4128672901044086,0.4771448455722115,0.10998786432337986
0.42567153062071883,0.45142949918722863,0.12289897019209413
0.22906474680182526,0.6236085632497191,0.14732669113477698
0.34403054322106175,0.5184970069662487,0.13747244981268955
0.3864018653819139,0.4422328729568078,0.17136526166127822
0.03241809858589562,0.8233466428564999,0.14423525855760447
0.3090534922765512,0.5613863740894961,0.1295601336339526
0.5236716124149638,0.3159062123876404,0.16042217519739563
0.35750266735506353,0.5810673873968129,0.061429945248123556
0.15472013162484763,0.7552685799185931,0.09001128845655926
0.44229975054312576,0.4842865675588333,0.07341368189804097
0.23371143348727733,0.6699964570859142,0.09629210942680846
0.4327366140926722,0.3199239109337531,0.24733947497357472
0.2953351473657147,0.6152949594117255,0.08936989322255987
0.46142117895116996,0.4372229741140314,0.10135584693479867
0.5118086832539798,0.3629788991153621,0.12521241763065818
0.34972037734714917,0.48553069489443157,0.16474892775841926
0.5219171460508765,0.35430400643948956,0.12377884750990842
0.20382961535551203,0.7280177709887523,0.0681526136557357
0.2480379007950311,0.6701062124761629,0.08185588672880605
0.44594412568894515,0.4618981733194014,0.09215770099165327
0.3381348276045281,0.5517797342571448,0.11008543813832719
0.3465341017095874,0.5662315653274511,0.08723433296296161
6.938893903907228e-18,0.9088180928537142,0.09118190714628588
0.4912429643290953,0.347046686815092,0.1617103488558128
0.15195148663675515,0.8036933220748156,0.044355191291877503
0.4306627155489614,0.42410655452483165,0.14523072992620759
0.565363162865887,0.20878870451809764,0.22584813261601544
0.37207956380926094,0.5339135546134597,0.09400688157727936
0.3382979783685813,0.5621831612551551,0.09951886037626372
0.2036072189797485,0.7303684540947987,0.06602432692545293
0.48225088684963224,0.33085729742176956,0.18689181572859823
0.5084085343487604,0.3975577634089938,0.09403370224224576
0.5308675457988477,0.28320571249428245,0.18592674170686985
0.46534882140752526,0.4257622166422099,0.10888896195026489
0.23865457745338203,0.6735573214017317,0.08778810114488629
0.5870028379729918,0.3727043137847609,0.040292848242248255
0.10761214917814396,0.7918542278380821,0.10053362298377397
0.5976343622799316,0.2754260968148199,0.12693954090525889
0.44359340206296966,0.37317222606452716,0.18323437187250313
0.5901947223940558,0.180664846955807,0.2291404306501371
0.46294551435578873,0.3753855854842981,0.1616689001599132
0.19864157170030014,0.7303068191148363,0.0710516091848635
0.5239361394036852,0.35531299133753796,0.12075086925877673
0.1717689827214887,0.743117566665908,0.08511345072842273
0.3325891417987801,0.5783995482172958,0.08901130998392422
0.18418988800008382,0.7217302269265544,0.09407988507336183
0.37951916810612596,0.5267911557988562,0.09368967609501963
0.42277547555021394,0.44733010944194795,0.12989441500783816
0.2732613643459113,0.6617072475272749,0.0650313881268138
0.22067012698340777,0.6331387141480952,0.14619115886849718
0.463135858240026,0.38360274103277253,0.15326140072720143
0.14230002129938837,0.7422584168380573,0.11544156186255426
0.41369280072656855,0.4280758466255291,0.15823135264790228
0.43868892785882224,0.49832497384903,0.06298609829214773
0.5204099745450507,0.3904967456845941,0.08909327977035515
0.539979924035453,0.3478918527818266,0.11212822318272023
0.48746645118354687,0.39899115262831825,0.11354239618813497
0.5144982192517803,0.3523563420340436,0.13314543871417617
0.5194376396810694,0.39622001893241365,0.08434234138655514
0.32838553453429253,0.5982985058933666,0.07331595957234069
0.34363118526399516,0.5639098399604886,0.09245897477551611
0.3670618410012144,0.4997203468641364,0.13321781213464928
0.4939821569341173,0.3641837565314936,0.14183408653438906
0.3776929997551835,0.47044181670049645,0.1518651835443202
0.46022358598714846,0.3374345853570674,0.20234182865578423
0.2874348928993685,0.5803130499774453,0.13225205712318633
0.657326770668045,0.13997265697556574,0.20270057235638933
0.11149142353722216,0.7682969640031948,0.12021161252892779
0.42134667563672457,0.4961626496162289,0.0824906747487492
0.492073831850364,0.4006117316472556,0.1073144365023807
0.3084223360182114,0.5549948981347578,0.13658276584703083
0.5992381607518776,0.2200165952126884,0.180745244035458
0.35752377604195373,0.5454013376494785,0.09707488630856771
0.4890615593526368,0.35982965537095507,0.15110878527640823
0.49835775200366517,0.4129798815091361,0.08866236648719882
0.33943244196418687,0.565726412956957,0.09484114507885608
0.41558517303716785,0.4422262748999353,0.14218855206289677
0.33296018205529215,0.5184064796363984,0.14863333830830955
0.03521171966862744,0.9135914491506331,0.05119683118073956
0.129501892039508,0.7907035735073803,0.0797945344540332
0.16683381763213526,0.7919347928953574,0.04123138947250731
0.31446188345729253,0.5656098214633437,0.11992829507936392
0.5657977128031789,0.3321948599282997,0.10200742726852131
0.02326074746646255,0.9025059335374765,0.0742333189960789
0.15799221644755587,0.7973347220743188,0.044673061478125345
0.3481124883571329,0.546619290255267,0.10526822138760016
0.38368893244212265,0.5021647417650257,0.11414632579285167
0.381032876031463,0.42014989587515633,0.1988172280933853
0.38894055255838766,0.45805959787576933,0.15299984956584303
0.4647935818529983,0.3458833820403201,0.18932303610668166
0.32414743136346125,0.5516360994219716,0.1242164692145672
0.3751582447853162,0.51243071474171,0.11241104047297402
0.41278332396462375,0.5023855077457091,0.0848311682896673
0.37217173632275247,0.4910629560040369,0.13676530767321077
0.4397152306873366,0.40821719329977024,0.1520675760128932
0.3450619532098643,0.557738037174513,0.09720000961562267
0.3424524802189678,0.5323302370887735,0.12521728269225882
0.5870711835247608,0.35914347651437895,0.0537853399608602
0.4731387913959367,0.3542031379627023,0.17265807064136102
0.27511892693168893,0.5534016463506763,0.17147942671763466
0.5125706368599166,0.40856500949380825,0.07886435364627535
0.4422267332697782,0.4428134439792976,0.11495982275092423
0.403339189716453,0.5579425303074832,0.0387182799760656
0.43211213099488754,0.4205433964399911,0.1473444725651213
0.3985764988043831,0.46209417251257284,0.13932932868304423
0.06364179332331024,0.7983604437926444,0.13799776288404922
0.10663583554230938,0.8019996967864793,0.09136446767169683
0.553065202298376,0.28892821570366795,0.158006581997956
0.4570329765255462,0.39872288966948866,0.14424413380496495
0.5022138619714251,0.38681137431611085,0.11097476371246404
0.19472939621271204,0.6916108328329346,0.1136597709543533
0.37035868755196627,0.5453976082731673,0.08424370417486647
0.3279151243934159,0.5052832952130522,0.1668015803935319
7.209619847228161e-17,0.933671741306769,0.06632825869323088
0.37965792372674245,0.5670740495091895,0.05326802676406807
0.24057418419855736,0.6688515035053177,0.09057431229612477
0.47056176937383426,0.4021918938098002,0.1272463368163656
0.4533769564117989,0.4201302748959165,0.1264927686922926
0.45804057652330715,0.3710947519521223,0.17086467152457055
0.23765406234617134,0.6961385871391846,0.06620735051464395
0.533417888478632,0.32895319560554975,0.137628915915818
0.608314675768023,0.2772866502150768,0.11439867401690387
0.5385535852532657,0.2815745981674703,0.17987181657926382
0.4648539898185212,0.45245026644819764,0.08269574373328109
0.4624062079654909,0.3609088364953617,0.1766849555391473
0.2364483965074291,0.6768891720875152,0.08666243140505647
0.12441515189079089,0.7781128239704888,0.0974720241387204
0.5712465057699665,0.34782059551046507,0.0809328987195687
0.3149283085998937,0.5318164859413198,0.15325520545878651
0.29091590887304825,0.6061693692148753,0.10291472191217939
0.38665741924926655,0.48384108050410474,0.1295015002466288
0.3404859058152545,0.4513197105326883,0.20819438365205722
0.3045517532532058,0.6165537140643942,0.07889453268240001
0.5500211845323941,0.34082787704754963,0.10915093842005617
0.3843805318821948,0.4729963207483226,0.14262314736948245
0.31013613576107063,0.5672027711131332,0.12266109312579619
0.10217690300999574,0.8623989218367006,0.03542417515330383
0.29046071242455085,0.6027505880200305,0.1067886995554628
0.2994338511205922,0.6046491367340058,0.09591701214540235
0.3438828235227037,0.46663878096456013,0.18947839551273615
0.5040105464197809,0.44554209175258264,0.050447361827636435
0.2742089062964779,0.5429637116204366,0.1828273820830956
0.2577716131088929,0.6300250403645178,0.11220334652658935
0.43220074209918097,0.37748703489684937,0.1903122230039698
0.5187612320638088,0.3536626147766659,0.12757615315953574
0.2712293508428046,0.5820171153557548,0.14675353380144043
0.42429437359114114,0.4129721712867612,0.16273345512209775
0.3695768968428942,0.481069125094222,0.14935397806288386
0.16267045198317442,0.7703984554833607,0.06693109253346478
0.3710377962097721,0.46466326577389766,0.16429893801633058
0.316041278809754,0.5408946624132368,0.1430640587770091
0.41659227768047635,0.43587132368343784,0.1475363986360859
0.4488126153362946,0.3498901141281631,0.2012972705355422
0.34293720040310727,0.4997928223490562,0.15726997724783642
0.5714355539567851,0.1788616857877412,0.24970276025547358
0.22598915491524052,0.7305103156423551,0.04350052944240434
0.5721795195430552,0.3652558812246442,0.0625645992323004
0.3757450037158881,0.5630923284026818,0.06116266788143024
0.6747622089569403,0.2676152590911387,0.05762253195225624
0.5797721252528241,0.2554155696963377,0.16481230505083827
0.6966534971071252,0.16210184305247463,0.14124465984056514
0.3696739069209902,0.46303338504480107,0.16729270803420876
0.39468421123748193,0.4517717793237798,0.15354400943874488
0.19273315900844656,0.7010430902353684,0.10622375075618502
0.2803539238638935,0.6472245716102162,0.07242150452589309
0.3618883022023494,0.5282119711642935,0.10989972663335701
0.2458539099086829,0.5497437610121094,0.20440232907921962
0.3743127112692682,0.47090017574606136,0.1547871129846705
0.4010712915157162,0.42609206205848793,0.17283664642579583
0.37363136255442747,0.5740739175466384,0.05229471989893441
0.7159257114464969,0.08163594283233638,0.2024383457211668
0.19373151058663696,0.7296136422610568,0.07665484715230636
0.38659645229182377,0.5067038401893504,0.10669970751882564
0.6975214117137373,0.13317606237074117,0.16930252591552192
0.30434452752441454,0.562310053939721,0.13334541853586449
0.2369813513913072,0.6481158438463208,0.11490280476237201
0.3109259288464058,0.6446185644032526,0.044455506750341586
0.46594415118008575,0.38508323761227087,0.1489726112076434
0.45607763633518567,0.343364673396307,0.2005576902685073
0.4119575737981581,0.5043900127337513,0.08365241346809058
0.38082873044105675,0.5298090945526006,0.08936217500634268
0.11970409127358092,0.7941510396483416,0.08614486907807767
0.538745297164057,0.27345228897920854,0.1878024138567458
0.1893863888932908,0.6630754895483858,0.14753812155832344
0.410194684623809,0.39464131597352897,0.19516399940266208
0.41178391238023543,0.3597489016559214,0.22846718596384344
0.5441505816208161,0.36588551632669014,0.0899639020524938
0.699835860550665,0.14700115539019226,0.153162984059145
0.2845306526540526,0.6025405336977854,0.11292881364816204
0.3698259725853928,0.47448505923426254,0.1556889681803447
0.2552299506036766,0.5993264817567434,0.14544356763958532
0.34395771428279653,0.5568597314728568,0.09918255424434674
0.42183934669192713,0.33478115784176127,0.24337949546631146
0.43276047273091856,0.40201982581537365,0.16521970145370776
0.4360466579060583,0.4925752658022084,0.07137807629173332
0.41923192579266233,0.4007094685779646,0.1800586056293731
0.4028488380774065,0.44251981976165894,0.15463134216093452
0.5005259393402681,0.36644930780032087,0.1330247528594115
0.26451703962585316,0.5544612620086554,0.18102169836550625
0.6853024759864039,0.16021670039816024,0.15448082361558446
0.07191419287839534,0.8321969515779343,0.09588885554367049
0.3964513226854243,0.4188598038796391,0.18468887343493642
2.0816681711721685e-17,0.8961716523793725,0.10382834762062747
0.21652832649453962,0.7391525179441272,0.04431915556133317
0.2216272799152915,0.6039058413471036,0.17446687873760577
0.16030060816898242,0.7491172523421604,0.09058213948890019
0.5159390553996992,0.31817227769574,0.16588866690456086
0.31143669425556525,0.5061145787291624,0.1824487270152747
0.488600609261608,0.32300009250694495,0.188399298231447
0.3918899239463998,0.5249318494175881,0.0831782266360122
0.08727645152882384,0.7899025009142084,0.12282104755696757
0.0520287610641432,0.8768307179927278,0.07114052094313131
0.5193989864937126,0.36544054531493464,0.1151604681913529
0.29530627171348794,0.6184915060485833,0.08620222223793081
0.4422516359032038,0.44459925235398506,0.11314911174281109
0.10880789537682883,0.8133864402166124,0.07780566440655858
0.38388400187521793,0.5550603376979368,0.061055660426845244
0.44040702994912906,0.48259118388821964,0.0770017861626513
0.46424692561804626,0.4650176302980804,0.07073544408387335
0.35634797828777387,0.4663876260309138,0.17726439568141267
0.41996844415054135,0.431943162901129,0.14808839294832982
0.4427426492582355,0.48329839768610955,0.07395895305565506
0.3918857632890897,0.4441879321466776,0.16392630456423263
0.46128336600696745,0.4212857489919653,0.11743088500106734
0.5279542958199628,0.3272305357161474,0.14481516846388998
0.47937162532664634,0.31228072445823657,0.2083476502151171
0.5167405996573335,0.3267408523909391,0.15651854795172734
0.16672172481705788,0.7268596789794846,0.10641859620362579
0.340816411515993,0.5618470929227515,0.09733649556125566
0.3675087460837514,0.5019312307155611,0.13056002320069363
0.4204955414683001,0.39489123112146185,0.1846132274102381
0.049510272850063965,0.8020889785327461,0.14840074934960654
0.46778592795460044,0.35288687451062184,0.17932719753477766
0.3019474386107473,0.6055654367124569,0.09248712467679569
0.39893592978578374,0.426855121003182,0.17420894921103425
0.38629208675776194,0.4649154264759843,0.14879248676625423
0.5132720500372806,0.3474784149110126,0.1392495350517119
0.4301785502621346,0.3668443522305888,0.20297709750727663
0.40744258239960146,0.4927194424582754,0.0998379751421231
0.0,0.930811571696264,0.06918842830373592
0.6549665814865977,0.20018751847587332,0.1448459000375295
0.053768105990845874,0.7918830694834936,0.15434882452566043
0.22471358999876337,0.696363469611514,0.07892294038972837
0.36122025948883096,0.49029248397445657,0.14848725653671369
0.203479068805874,0.6400897655241461,0.15643116566997994
0.24728877952858416,0.6130566620596387,0.13965455841177715
0.45882086815937834,0.4785950644595377,0.06258406738108406
0.32043048378800276,0.5876558964697282,0.09191361974226929
0.14136349871506737,0.705175675404257,0.15346082588141086
0.2825663444097834,0.5607914610129341,0.15664219457737302
0.2607587822055333,0.6493356940919527,0.0899055237025141
0.5585279611862617,0.287803078937411,0.15366895987632734
0.35399658717649274,0.5404157024204496,0.10558771040305763
0.45677487019937224,0.370084654510193,0.17314047529043472
0.18752151508791273,0.7166120500018819,0.09586643491025194
0.1976005337589167,0.6396320497631871,0.16276741648062118
0.25520638655501415,0.6466609521917254,0.09813266125326048
0.5663248428387759,0.3393470537810164,0.09432810338020778
0.17632965827710761,0.75471558017606,0.06895476154683239
0.3606563369294082,0.5042291534252011,0.13511450964539073
0.2933499031415809,0.5769895612184686,0.1296605356399621
0.23751162513641658,0.6611771329167437,0.10131124194683974
0.6020261213467522,0.2289832340771898,0.16899064457605836
0.230273173038961,0.6558894676588854,0.11383735930215744
0.044390240620745695,0.8990115737662402,0.056598185613014454
0.74479797894969,0.18023214802814067,0.07496987302221653
0.4523763755695536,0.4175765271602992,0.13004709727014718
0.235446633055786,0.6780792446651653,0.08647412227904865
0.39767192066130075,0.4576443123746029,0.1446837669640963
0.27179769490018474,0.6041513247971014,0.12405098030335981
0.44695009234997224,0.4090422225754974,0.14400768507453035
0.47704535064743114,0.3765605749941468,0.1463940743584222
0.49114775389988385,0.28732058202767913,0.22153166407243705
0.40299941747306856,0.42015296865087676,0.17684761387605466
0.7181934793792092,0.11402018661602646,0.16778633400476448
0.47108779994337263,0.35628498821827403,0.17262721183835333
0.24682432785606903,0.6214198531925795,0.1317558189513514
0.510102700203165,0.3047705799304453,0.18512671986638998
0.4029066557731132,0.47977645297631727,0.11731689125056953
0.6526106147718029,0.25208818427817875,0.09530120095001901
0.28412575651220445,0.5522156665747072,0.16365857691308955
0.12345078481261641,0.8765492151873837,7.71466892845284e-20
0.30729343481063476,0.5293908046569857,0.16331576053241004
0.31691774343927825,0.5135707885159801,0.16951146804474185
0.08736739761761844,0.7581690797936156,0.15446352258876594
0.6690333589292503,0.11545855437103156,0.21550808671139593
0.38998492497848675,0.4320963046924241,0.17791877032908926
0.5653453319733608,0.29308699428809204,0.14156767373854723
0.4042593259469098,0.4603466788986952,0.13539399515439496
0.4468438561975894,0.49844393262190967,0.054712211180500916
0.3076091431441399,0.6422047472818212,0.050186109574038976
0.3910839723958222,0.39315273173190407,0.21576329587227375
0.4705073840674499,0.3742164904710871,0.155276125461463
0.7464005457461673,0.019406166686768152,0.2341932875675281
0.3903026582095172,0.48276021180478473,0.12693712998569806
0.25798962503100237,0.6291149151440177,0.11289545982498025
0.2585915551650513,0.5980514687013615,0.1433569761335872
0.3401777710087654,0.5953358204599852,0.06448640853124939
0.2729994494704734,0.6570017824498819,0.06999876807964446
0.36680824913364135,0.5115945613670777,0.12159718949928107
0.3367760308609109,0.5820902069547735,0.0811337621843155
0.47825877366933184,0.3813108741168447,0.1404303522138252
0.3074610229321667,0.5382898300004254,0.15424914706740792
0.1785070363724025,0.6972022529671132,0.12429071066048414
0.1185551390084146,0.8467920618388673,0.03465279915271792
0.4806600006095149,0.4326909144941692,0.08664908489631597
0.5371258734245264,0.3304493452961994,0.13242478127927423
0.4472114553658483,0.4293826227677598,0.12340592186639184
0.3610209835356821,0.49426496622985355,0.1447140502344644
0.14228653996759258,0.741329592239143,0.11638386779327188
0.30786201371053495,0.5485946147597441,0.14354337152972094
0.42590139864118814,0.43413464309499317,0.13996395826381866
0.5244069683609727,0.34278605457971695,0.13280697705931047
0.5951557202417345,0.2516880059120329,0.15315627384623423
0.4217230622132851,0.5026911445833396,0.07558579320337554
0.5097635175940972,0.3176496226994568,0.172586859706446
0.1115543566985183,0.8027285515540405,0.08571709174744156
0.40955227342037076,0.4499598088579227,0.1404879177217065
0.32141217877035366,0.5075787895278983,0.1710090317017512
0.5573780101428581,0.2823471527282535,0.16027483712889026
0.6186337996747286,0.24434846320711076,0.13701773711816068
0.3132665657984387,0.5698375658026823,0.11689586839887922
0.25735307877989955,0.670667810123616,0.07197911109648442
0.09167118560072675,0.7873898334757004,0.12093898093421743
0.7225962576055285,0.09234654463303314,0.1850571977614385
0.42305191073192966,0.43083136276454714,0.1461167265035232
0.45753223604699633,0.39933535926714997,0.14313240468585367
0.5161243083823011,0.3767680775986965,0.10710761401900254
0.14576277098159995,0.7441727713724797,0.11006445764592886
0.3229620296463762,0.603038443010875,0.07399952734274941
0.18091095051178066,0.7316572311102267,0.08743181837888123
0.6642724843192376,0.25530427161151753,0.08042324406924682
0.5318752109270192,0.39462589473987597,0.0734988943331049
0.11242374701714526,0.7927639351031529,0.09481231787974662
0.3334310858117158,0.45971121903836853,0.20685769514995994
0.7015884336465037,0.04745237994494212,0.2509591864085741
0.40327766737047804,0.4087632962592259,0.18795903637029576
0.42686198690063315,0.3533922315380069,0.21974578156135993
0.5128842273533485,0.2589584676015633,0.2281573050450883
0.27245460802883564,0.6600464948451292,0.06749889712603516
0.6283007240411806,0.19490371334328535,0.1767955626155342
0.1649229851494488,0.8017541645325645,0.0333228503179868
0.28289976395172145,0.6307763368624507,0.08632389918582777
0.16666299097947243,0.7581406376377192,0.07519637138280835
0.410243272914543,0.4439393801731061,0.14581734691235085
0.3352552157531262,0.5944303869176071,0.0703143973292674
0.4668399074674736,0.38946124780321906,0.1436988447293075
0.3322074347112475,0.5850301617844617,0.08276240350429098
0.2239499135132867,0.6693267764315065,0.10672331005521052
2.24808603617051e-15,0.9421697410794758,0.057830258920524104
0.5202340140588826,0.33920444714380804,0.14056153879730934
0.35212236773360506,0.5257883081588901,0.12208932410750496
0.397216289482995,0.5234525503027989,0.07933116021420614
0.23369581779464615,0.6242369870701278,0.14206719513522784
0.7145200099651914,0.11700769676380873,0.16847229327099972
0.32657166612743627,0.5298776296828209,0.14355070418974294
0.2631773030615601,0.6976271142306496,0.03919558270779032
0.569140524612111,0.31255143407410296,0.11830804131378615
0.3939837444249901,0.4005748394157872,0.20544141615922273
0.5496242156208679,0.25221128247919994,0.1981645019001509
0.377383871365764,0.47372476732157737,0.1488913613126589
0.4735993766967097,0.35547053661312394,0.17093008669016638
0.2066952659020954,0.7148400476620617,0.07846468643584292
0.772614987587502,0.0455128156727765,0.18187219673972163
0.3316431225540282,0.5965310892137954,0.07182578823217653
0.3091105442459846,0.5441306500791843,0.14675880567483746
0.22004737737742655,0.761696310815316,0.018256311807257456
0.34417552351101155,0.5419948216944122,0.11382965479457614
0.3518635921533129,0.5449125982301533,0.10322380961653388
0.08298164519240658,0.8185367686815308,0.09848158612615199
0.5294093096183444,0.3779986123614407,0.09259207802021464
0.3373907292505613,0.5228460611336555,0.13976320961578317
0.3748990531904715,0.4711837628087102,0.1539171840008182
0.24665196054838856,0.7071238913270798,0.046224148124531836
0.3040380804334841,0.630299496050216,0.06566242351630003
0.18293774619477665,0.6807017521202806,0.1363605016849427
0.4190811417136622,0.3837971268463747,0.1971217314399633
0.47829630562539815,0.29721321805633816,0.2244904763182638
0.34419889158428146,0.563152596366667,0.09264851204905176
0.31537541930495333,0.5775079357601046,0.107116644934942
0.44227142430256716,0.42302041772329385,0.13470815797413904
0.23143016680883013,0.6520189409035538,0.1165508922886802
0.6114933088079509,0.2647051540347022,0.12380153715734682
0.4474231524122322,0.36005733804971995,0.19251950953804808
0.36688833979835406,0.5459467808165817,0.08716487938506418
0.14942197154440418,0.7284985791457161,0.12207944966138264
0.4787109760399552,0.3273091484533631,0.19397987550668258
0.41161932933975803,0.44579283829636085,0.14258783236388095
0.19131237790846686,0.7226670536773648,0.08602056841416844
0.28533616329255246,0.6354822691430674,0.0791815675643801
0.5179267379341465,0.28466543408964085,0.19740782797623355
0.3026703989213774,0.5216318608845137,0.1756977401941089
0.7298243178664964,0.12762798159053182,0.1425477005429722
0.3492272459580326,0.5153891308287851,0.13538362321318292
0.4476182202901907,0.3237368408202259,0.22864493888958337
0.47272666839624683,0.4117957699186952,0.11547756168505782
0.25456450573467865,0.6642021443215572,0.08123334994376409
0.06824733684814326,0.8690997103168264,0.06265295283503042
0.28277487808733626,0.6372699342462385,0.07995518766846538
0.41933837805251895,0.4441284155982649,0.1365332063492161
0.4612313209709503,0.37890192332273664,0.159866755706313
0.36256739490725887,0.5468830678725526,0.0905495372201886
0.8017722718334798,0.1333188178862767,0.06490891028024358
0.409348631191009,0.5093019299913718,0.08134943881761951
0.40024344385651817,0.4985362475432641,0.10122030860021784
0.4705144751764002,0.3450516769301161,0.18443384789348358
0.23610895449404634,0.6733957773717901,0.0904952681341635
0.48885143016208976,0.3594898326825765,0.15165873715533373
0.45605014416812684,0.38183190978055126,0.16211794605132193
0.2994612310697951,0.5959957554770828,0.10454301345312218
0.25858292574745656,0.6539124717021546,0.08750460255038878
0.2691136019154776,0.6579630272352998,0.07292337084922249
0.34282118931923644,0.5404788997993084,0.11669991088145502
0.4134218319223777,0.45537654303728853,0.13120162504033378
0.25399943173717776,0.7160725345267812,0.029928033736041432
0.2519996863715981,0.669545487020389,0.07845482660801303
0.2757087747492902,0.5575423886744946,0.16674883657635353
0.4535842433635469,0.4045875944022928,0.14182816223416042
0.4825835368682531,0.3792951553873536,0.1381213077443936
0.4362425480121881,0.3953672309270756,0.16839022106101037
0.10013059892959378,0.8149402924144351,0.08492910865598154
0.6585248580499662,0.1870202059760031,0.1544549359740319
0.12256866410848573,0.7792554944869758,0.09817584140453826
0.45172996176059105,0.46937275849487325,0.07889727974453578
0.17656993389713366,0.7007281799843824,0.12270188611848389
0.43966591654543347,0.49992361780453526,0.06041046565003127
0.381444772063645,0.42086325089788335,0.19769197703847158
0.38152403560973736,0.4962762391308698,0.12219972525939288
0.1350873791536637,0.807928215816912,0.056984405029424326
0.39141061154102824,0.44352338238255007,0.16506600607642166
0.4225232925995206,0.4516437079233862,0.12583299947709328
0.45147573037668504,0.37030758856740337,0.17821668105591157
0.404588232986871,0.4311920148626689,0.1642197521504601
0.17627281842890147,0.710645205519854,0.11308197605124452
0.3439114744658012,0.5244773043306892,0.13161122120350965
0.47381338406696677,0.333837965331647,0.1923486506013863
0.255059379182982,0.5412694670859305,0.2036711537310876
0.381764491356465,0.48733974251171147,0.1308957661318235
0.48741682888624804,0.3673018668115267,0.14528130430222513
0.5110181650057904,0.41140294063170774,0.07757889436250177
0.1736019369990957,0.734307622733644,0.09209044026726047
0.6884549172193327,0.15527365579187036,0.15627142698879704
0.37363408539575804,0.5090926464841731,0.11727326812006889
0.2694237263135418,0.61800233553582,0.1125739381506383
0.5198474552690467,0.3976047707938182,0.08254777393713518
0.4543491905554246,0.44409148325527115,0.10155932618930429
0.4956219066846132,0.4102355476106864,0.09414254570470341
0.39921219075669834,0.4594134885232775,0.14137432072002415
0.4860664406007924,0.3820939018724585,0.13183965752674928
0.14845105266349407,0.7007753019585706,0.15077364537793544
0.37743446618568,0.4452038294339841,0.17736170438033597
0.4153928812465656,0.4394357714761093,0.14517134727732517
0.30305589009114137,0.5949157270676345,0.10202838284122431
0.3696977534866843,0.495797599436138,0.13450464707717777
0.3439663830911339,0.5674568313844705,0.08857678552439573
0.21913760544878302,0.6642619923085971,0.11660040224262087
0.35758894331219715,0.5078044990374259,0.13460655765037702
0.1732751911685519,0.757367697375297,0.06935711145621731
0.6300770633397353,0.2059153896871676,0.16400754697309716
0.5941363470701929,0.2887637135918538,0.11709993933795422
0.23707635643714564,0.7055754794914189,0.057348164071442165
0.47219332235677397,0.38664911546797825,0.1411575621752478
0.41408247732323494,0.38395818327175224,0.20195933940501273
0.45512610259515585,0.3997848936637042,0.14508900374113987
0.5153709761524736,0.2882241149409817,0.1964049089065447
0.5252669420385678,0.2626319665438201,0.21210109141761613
0.4942514121490889,0.4168668225664091,0.08888176528450217
0.3293238485053394,0.503445101973292,0.1672310495213687
0.3658510332710413,0.48931276422933045,0.14483620249962825
0.28718687105593477,0.5728767780016361,0.13993635094242896
0.2191352548922465,0.6870363555540451,0.09382838955370852
0.6762379783788901,0.2707713918321082,0.05299062978900188
0.3220353098081067,0.5891100870217246,0.08885460317016876
0.6263133270036613,0.254051702772361,0.11963497022397777
0.22538783050956915,0.7161150896380402,0.05849707985239082
0.2986991809634624,0.6100730533255612,0.09122776571097653
0.5226230755688989,0.3202272805049874,0.15714964392611383
0.7592833775176449,0.04976461824850184,0.19095200423387948
0.5502782170779703,0.2323495483971078,0.21737223452492208
0.5231828010639,0.3432876007796399,0.13352959815646004
0.33509860445963546,0.482048505800937,0.18285288973942773
0.2620103562255451,0.6004417929194182,0.13754785085503674
0.6336295250532185,0.20135181439093786,0.16501866055584385
0.4068699730416244,0.45777133113393187,0.13535869582444365
0.3513755105195528,0.5346467866343635,0.11397770284608379
0.49700671169974925,0.3125863930132678,0.190406895286983
0.518155782146879,0.3558893798437804,0.12595483800934068
0.43555730576922136,0.4210219880188716,0.14342070621190706
0.5410551356260297,0.40334340223055987,0.05560146214341046
0.7749268508148259,0.07913464816206878,0.14593850102310554
0.5251160183088186,0.3536732482273796,0.12121073346380183
0.3095488507216977,0.5200081839850551,0.17044296529324723
0.27995986686976565,0.6088420518682371,0.11119808126199733
0.5404160781901232,0.31225036103263487,0.147333560777242
0.4315385811247271,0.42450102370215076,0.14396039517312215
0.4035382739988651,0.44842772904157524,0.14803399695955965
0.3640802877246053,0.3943502438158496,0.24156946845954497
0.5571652202408601,0.23495285742305205,0.20788192233608785
0.4288396782796931,0.40224452809026123,0.16891579363004577
0.3937538434854556,0.48456924792669853,0.12167690858784581
0.48908514228054234,0.3211356316162291,0.1897792261032285
0.3312095916679201,0.5748831194889402,0.0939072888431397
0.1527746276942987,0.7709028558118991,0.07632251649380219
0.5225263855518358,0.2615082413310947,0.21596537311706968
0.3805595349149704,0.4259717188147429,0.19346874627028676
0.3057308297135606,0.5162648111869679,0.1780043590998438
0.043523940413527695,0.8654867318900469,0.09098932769643674
0.4770734212162818,0.39189664658642415,0.1310299321972938
0.49815696077820865,0.32528839365898354,0.17655464573901955
0.2247570265936749,0.654536145554159,0.12070682785216606
0.21124508826154056,0.6573428593248286,0.13141205241363096
0.6142623665268063,0.21977242099126765,0.16596521248192825
0.2490119782800754,0.6185516283705784,0.13243639334934634
0.5099347428577943,0.32468637312446463,0.165378884017741
0.28690134273082396,0.5342785352009314,0.17882012206837342
0.5091481716434121,0.3248918002225595,0.16596002813402846
0.2403369618988424,0.6275848416756067,0.1320781964255508
0.48646563401384063,0.3699528062934838,0.14358155969267564
0.6634489997205988,0.1276770444572269,0.20887395582217436
0.6884769914067648,0.18364355920159037,0.12787944939164517
0.01710561868470316,0.8887042563973568,0.09419012491794002
0.2710364402185849,0.6048120518003739,0.12415150798104105
0.687801236494714,0.094788892195082,0.2174098713102312
0.28324248543313446,0.5965696590776425,0.12018785548922307
0.33498178488270874,0.5453229834372314,0.11969523168005976
0.5276311127461333,0.4103946081632399,0.06197427909062695
0.158074034247847,0.7402624810514693,0.10166348470068372
0.5800717087675236,0.299029209317618,0.12089908191487088
0.2153984398084333,0.613683924730836,0.17091763546073077
0.2469829270544268,0.6098713952917975,0.1431456776537758
0.4924155624922809,0.40095243820352605,0.10663199930419305
0.24647136410195541,0.6658017913352455,0.0877268445627992
0.3891442642254393,0.5055189164728462,0.10533681930171453
0.31599378205671597,0.4876182989604809,0.19638791898281216
0.25183998356248627,0.6605247483851339,0.08763526805237995
0.59765732144434,0.2347482677444675,0.16759441081119253
0.2598823383036528,0.6872228529702198,0.05289480872612749
0.6814760549342641,0.17894684472729921,0.13957710033843862
0.5216857081775027,0.3660338568336955,0.11228043498880177
0.6017478484742388,0.26483175107877,0.13342040044699124
0.4121418654004859,0.44500010083791103,0.14285803376160303
0.1182845992130596,0.7386941670805202,0.14302123370647826
0.42281562541872963,0.48617223904173656,0.09101213553953381
0.3649119330265994,0.4791006637776754,0.15598740319572518
0.4315387742986985,0.3504713938098519,0.21798983189144946
0.40391486561510676,0.49826459904678233,0.0978205353381116
0.5453909078911854,0.33505365721586056,0.11955543489295503
0.37754258184407957,0.5430835982375176,0.07937381991840285
0.4620653067650113,0.41939435438366685,0.11854033885132195
0.3620860732175032,0.5645118275465714,0.0734020992359898
0.1905631378861247,0.7238601052087431,0.0855767569080769
0.5408189653313145,0.3520103309537048,0.10717070371498055
0.4649421223616095,0.35609941152507313,0.1789584661133174
0.32820336550180024,0.49421337485841965,0.17758325963978025
0.49272291670698426,0.3976919208171377,0.10958516247587802
0.0858181496360612,0.8053056194207764,0.10887623094316459
0.2169110312750647,0.7551006335871402,0.0279883351377951
0.3204929157387604,0.6151290127632641,0.06437807149797557
0.10579581553063604,0.8308270245628292,0.06337715990653704
0.24699694478916295,0.7303126480778386,0.022690407133054494
0.21859169440003978,0.6425200252954529,0.13888828030450773
