
Similarity
Label,n,CT-Ter-2,CT-Ter-10,CT-1,CT-2,CT-3,CT-4,CT-5,CT-6,CT-7,CT-8.2,CT-9,CT-10,CT-11
CT-Ter-2,308,0.8698140961063865,0.8150084055173826,0.7045746913054064,0.7718813115309703,0.42505686788800146,0.7241506362823821,0.7267624532505219,0.6889010443344106,0.7256333576487424,0.742279427261566,0.7824465736796715,0.7353856400295571,0.7364435748188816
CT-Ter-10,307,0.8150084055173826,0.8909865859576686,0.724745484667772,0.7968553997802403,0.4401576116876361,0.7367220359430283,0.7487564797468719,0.6975375982363617,0.736603205765223,0.7775148089862006,0.8176885650941634,0.7589416460409931,0.7700901969188626
CT-1,152,0.7045746913054064,0.724745484667772,0.8150661059375195,0.7201635222267183,0.05166133707887753,0.7990728135408595,0.8189271395358874,0.7869915841036945,0.7936394725162338,0.803820000106551,0.7297666136118413,0.8178932959718621,0.8061109460929655
CT-2,251,0.7718813115309703,0.7968553997802403,0.7201635222267183,0.8499696513756989,0.28039882904747443,0.7510800601969241,0.7612146018724754,0.7221794152662564,0.764396184033556,0.7782578242397712,0.8353311550865138,0.7626148611235238,0.7750426886997326
CT-3,267,0.42505686788800146,0.4401576116876361,0.05166133707887753,0.28039882904747443,0.9994423907638486,0.06354601875530172,0.04957074484427222,0.042997809915288836,0.060470061068380716,0.1318173653065817,0.2651001786202278,0.06140676092579364,0.1129816733962895
CT-4,308,0.7241506362823821,0.7367220359430283,0.7990728135408595,0.7510800601969241,0.06354601875530172,0.8037928188768609,0.8209441390657563,0.7831552857111995,0.8011455907505807,0.8097152757973559,0.7604874833371055,0.8183366247509022,0.8086795836798405
CT-5,259,0.7267624532505219,0.7487564797468719,0.8189271395358874,0.7612146018724754,0.04957074484427222,0.8209441390657563,0.8434764013113796,0.8019497252172642,0.8200553261697882,0.8321496242075691,0.7732177516645079,0.8398545114732425,0.8304382240391677
CT-6,299,0.6889010443344106,0.6975375982363617,0.7869915841036945,0.7221794152662564,0.042997809915288836,0.7831552857111995,0.8019497252172642,0.7778591525647739,0.7839418797544799,0.7886483676743051,0.727213791075023,0.7993618905020918,0.7902042298799636
CT-7,219,0.7256333576487424,0.736603205765223,0.7936394725162338,0.764396184033556,0.060470061068380716,0.8011455907505807,0.8200553261697882,0.7839418797544799,0.8103678928185918,0.8142965164479964,0.7725414154408784,0.8183431521580559,0.8134755233124144
CT-8.2,222,0.742279427261566,0.7775148089862006,0.803820000106551,0.7782578242397712,0.1318173653065817,0.8097152757973559,0.8321496242075691,0.7886483676743051,0.8142965164479964,0.8347203819124229,0.7911515050826485,0.8295586592969862,0.8286406186032981
CT-9,250,0.7824465736796715,0.8176885650941634,0.7297666136118413,0.8353311550865138,0.2651001786202278,0.7604874833371055,0.7732177516645079,0.727213791075023,0.7725414154408784,0.7911515050826485,0.8706151570725855,0.7802406462997414,0.7887473732608475
CT-10,203,0.7353856400295571,0.7589416460409931,0.8178932959718621,0.7626148611235238,0.06140676092579364,0.8183366247509022,0.8398545114732425,0.7993618905020918,0.8183431521580559,0.8295586592969862,0.7802406462997414,0.8452599113038102,0.8304361335400687
CT-11,215,0.7364435748188816,0.7700901969188626,0.8061109460929655,0.7750426886997326,0.1129816733962895,0.8086795836798405,0.8304382240391677,0.7902042298799636,0.8134755233124144,0.8286406186032981,0.7887473732608475,0.8304361335400687,0.8329481477114875

Likeness
Label,n,CT-Ter-2,CT-Ter-10,CT-1,CT-2,CT-3,CT-4,CT-5,CT-6,CT-7,CT-8.2,CT-9,CT-10,CT-11
CT-Ter-2,308,1.0,0.7906989611609693,0.7012662706720731,0.766334915800877,0.3015591948845414,0.7296817203123028,0.6951264883536068,0.7155911064287817,0.7197476885406173,0.7071598897699111,0.7593398610714562,0.6984986974136513,0.705150725973388
CT-Ter-10,307,0.7906989611609693,1.0,0.7431527960010316,0.7742363939838033,0.2646520410038472,0.7629829461546185,0.7379214573429342,0.731624773990724,0.7405637379222318,0.7579086899056644,0.8022798065992316,0.743714674245632,0.7498111963146427
CT-1,152,0.7012662706720731,0.7431527960010316,1.0,0.78750005305832,0.11735807321677283,0.9661609537981017,0.9558612616851555,0.9553330299675553,0.9422377459700629,0.951811131852047,0.787078269650427,0.9478834351156065,0.9570545507005122
CT-2,251,0.766334915800877,0.7742363939838033,0.78750005305832,1.0,0.16769033394546462,0.8187036506816765,0.7872984654623747,0.8036793344951821,0.8111307718643548,0.8030468591472656,0.9196685724140427,0.7868300231169048,0.7936682989715134
CT-3,267,0.3015591948845414,0.2646520410038472,0.11735807321677283,0.16769033394546462,1.0,0.12845518296986802,0.09781111619683291,0.12973677715770715,0.11397634093057996,0.10561074198921483,0.145397136168829,0.10169040887014513,0.10758134908752337
CT-4,308,0.7296817203123028,0.7629829461546185,0.9661609537981017,0.8187036506816765,0.12845518296986802,1.0,0.9514454560719029,0.9609003538085739,0.9581275108148128,0.9511133172923074,0.8181720380309585,0.940841479372926,0.9499972955309509
CT-5,259,0.6951264883536068,0.7379214573429342,0.9558612616851555,0.7872984654623747,0.09781111619683291,0.9514454560719029,1.0,0.93323570018159,0.9370619179817433,0.9704928052415176,0.791477487995043,0.9686851547693132,0.9676769242452102
CT-6,299,0.7155911064287817,0.731624773990724,0.9553330299675553,0.8036793344951821,0.12973677715770715,0.9609003538085739,0.93323570018159,1.0,0.9661338142193578,0.9257280133848553,0.8001170394477994,0.9200020530835442,0.9300523588096861
CT-7,219,0.7197476885406173,0.7405637379222318,0.9422377459700629,0.8111307718643548,0.11397634093057996,0.9581275108148128,0.9370619179817433,0.9661338142193578,1.0,0.943614688592148,0.8091069682789824,0.9238144019421715,0.9446594335526952
CT-8.2,222,0.7071598897699111,0.7579086899056644,0.951811131852047,0.8030468591472656,0.10561074198921483,0.9511133172923074,0.9704928052415176,0.9257280133848553,0.943614688592148,1.0,0.808470891473978,0.9595225081842548,0.9816148575215607
CT-9,250,0.7593398610714562,0.8022798065992316,0.787078269650427,0.9196685724140427,0.145397136168829,0.8181720380309585,0.791477487995043,0.8001170394477994,0.8091069682789824,0.808470891473978,1.0,0.7934971646819364,0.8003398028044127
CT-10,203,0.6984986974136513,0.743714674245632,0.9478834351156065,0.7868300231169048,0.10169040887014513,0.940841479372926,0.9686851547693132,0.9200020530835442,0.9238144019421715,0.9595225081842548,0.7934971646819364,1.0,0.9665385264302236
CT-11,215,0.705150725973388,0.7498111963146427,0.9570545507005122,0.7936682989715134,0.10758134908752337,0.9499972955309509,0.9676769242452102,0.9300523588096861,0.9446594335526952,0.9816148575215607,0.8003398028044127,0.9665385264302236,1.0

Kolgomorov-Smirnov Dmax
Label,n,CT-Ter-2,CT-Ter-10,CT-1,CT-2,CT-3,CT-4,CT-5,CT-6,CT-7,CT-8.2,CT-9,CT-10,CT-11
CT-Ter-2,308,0.0,0.16452684123693895,0.3242481203007519,0.23053241579137992,0.8027262999173111,0.3116883116883117,0.32757107757107756,0.3572623029144768,0.3702188222736168,0.31838656838656837,0.22618181818181818,0.312807881773399,0.3152823920265781
CT-Ter-10,307,0.16452684123693895,0.0,0.450775758614778,0.3207885072089492,0.7687296416938111,0.42421422225982486,0.41330348496472274,0.5109975706208535,0.5314354558029539,0.36837162895794817,0.21798045602605864,0.3365960109754336,0.38356185137489585
CT-1,152,0.3242481203007519,0.450775758614778,0.0,0.22606940658418956,0.989675734279519,0.09338687628161313,0.2438528754318228,0.12709030100334448,0.27177962028358565,0.13916548127074443,0.2882105263157895,0.2014519056261343,0.12089963280293757
CT-2,251,0.23053241579137992,0.3207885072089492,0.22606940658418956,0.0,0.9130668337884418,0.2127722874734827,0.23181405651525172,0.2288638089781343,0.2943113391184122,0.21894404364523887,0.17767330677290838,0.215571212686201,0.21710367831001576
CT-3,267,0.8027262999173111,0.7687296416938111,0.989675734279519,0.9130668337884418,0.0,0.9892626100491269,0.9886483594348763,0.9895657184372377,0.9825560515109538,0.978236663629922,0.9045093632958802,0.980092618217376,0.9776500304851494
CT-4,308,0.3116883116883117,0.42421422225982486,0.09338687628161313,0.2127722874734827,0.9892626100491269,0.0,0.2378027378027378,0.10677366112148721,0.2512156792978711,0.14250614250614252,0.2436103896103896,0.15931482310792655,0.1321353065539112
CT-5,259,0.32757107757107756,0.41330348496472274,0.2438528754318228,0.23181405651525172,0.9886483594348763,0.2378027378027378,0.0,0.33469350860655206,0.27744574319916787,0.13706563706563707,0.2591969111969112,0.12328584742377846,0.137254197719314
CT-6,299,0.3572623029144768,0.5109975706208535,0.12709030100334448,0.2288638089781343,0.9895657184372377,0.10677366112148721,0.33469350860655206,0.0,0.3466043585162108,0.2147398234354756,0.3136321070234114,0.24139578562367167,0.21571128568095202
CT-7,219,0.3702188222736168,0.5314354558029539,0.27177962028358565,0.2943113391184122,0.9825560515109538,0.2512156792978711,0.27744574319916787,0.3466043585162108,0.0,0.30099962976675304,0.37583561643835617,0.30454146703556245,0.3049803546777105
CT-8.2,222,0.31838656838656837,0.36837162895794817,0.13916548127074443,0.21894404364523887,0.978236663629922,0.14250614250614252,0.13706563706563707,0.2147398234354756,0.30099962976675304,0.0,0.2289009009009009,0.07003062175475969,0.0798240100565682
CT-9,250,0.22618181818181818,0.21798045602605864,0.2882105263157895,0.17767330677290838,0.9045093632958802,0.2436103896103896,0.2591969111969112,0.3136321070234114,0.37583561643835617,0.2289009009009009,0.0,0.21966502463054188,0.22641860465116279
CT-10,203,0.312807881773399,0.3365960109754336,0.2014519056261343,0.215571212686201,0.980092618217376,0.15931482310792655,0.12328584742377846,0.24139578562367167,0.30454146703556245,0.07003062175475969,0.21966502463054188,0.0,0.13254668346889678
CT-11,215,0.3152823920265781,0.38356185137489585,0.12089963280293757,0.21710367831001576,0.9776500304851494,0.1321353065539112,0.137254197719314,0.21571128568095202,0.3049803546777105,0.0798240100565682,0.22641860465116279,0.13254668346889678,0.0

Kolgomorov-Smirnov p-value
Label,n,CT-Ter-2,CT-Ter-10,CT-1,CT-2,CT-3,CT-4,CT-5,CT-6,CT-7,CT-8.2,CT-9,CT-10,CT-11
CT-Ter-2,308,1.0,0.00038055459399437736,5.289307835979587e-10,6.07821362720708e-07,8.300277514140995e-93,1.2857725634567782e-13,6.948091410159796e-14,9.676461548650687e-18,3.7634497357358167e-16,4.378582136251611e-12,1.0959442807822405e-06,4.255909589905325e-11,1.1996158018839094e-11
CT-Ter-10,307,0.00038055459399437736,1.0,3.093078949803901e-19,4.3377026976387784e-13,1.0102999213948028e-83,3.0638789363808006e-25,4.881114394718819e-22,1.4108629980939706e-36,1.213604401225044e-33,4.367320513181769e-16,3.1328350321567213e-06,8.469661288573778e-13,4.096911404938301e-17
CT-1,152,5.289307835979587e-10,3.093078949803901e-19,1.0,9.707404328277899e-05,1.6635913364966612e-113,0.3122399354564189,1.677847146962012e-05,0.06895560852234896,2.4341592714139337e-06,0.053794748940137214,1.966483358108094e-07,0.0013863682070791837,0.1333900599753097
CT-2,251,6.07821362720708e-07,4.3377026976387784e-13,9.707404328277899e-05,1.0,2.5174430502936956e-116,5.596629803618224e-06,1.6324071489262016e-06,9.139818874569863e-07,1.890529965082268e-09,1.9035221598365678e-05,0.0006057483222638106,4.590959799094255e-05,2.7752002714726215e-05
CT-3,267,8.300277514140995e-93,1.0102999213948028e-83,1.6635913364966612e-113,2.5174430502936956e-116,1.0,5.582496033372087e-164,3.307258451464213e-150,8.461274575570805e-162,6.161113816531325e-135,5.955635563486651e-134,3.052998379632497e-113,3.318650025055021e-128,1.4628489087270204e-131
CT-4,308,1.2857725634567782e-13,3.0638789363808006e-25,0.3122399354564189,5.596629803618224e-06,5.582496033372087e-164,1.0,1.7643516257590978e-07,0.0568413970229097,1.3372191178885645e-07,0.009300968121641662,1.0883480880700056e-07,0.003462175344855727,0.0213299791739196
CT-5,259,6.948091410159796e-14,4.881114394718819e-22,1.677847146962012e-05,1.6324071489262016e-06,3.307258451464213e-150,1.7643516257590978e-07,1.0,2.682165373129309e-14,1.4751727616188141e-08,0.020161687803027763,5.018573008570681e-08,0.05659252078121293,0.021095392050485228
CT-6,299,9.676461548650687e-18,1.4108629980939706e-36,0.06895560852234896,9.139818874569863e-07,8.461274575570805e-162,0.0568413970229097,2.682165373129309e-14,1.0,5.277508796433411e-14,1.2221084240669086e-05,2.316609138056862e-12,1.098025337742774e-06,1.3605337889627296e-05
CT-7,219,3.7634497357358167e-16,1.213604401225044e-33,2.4341592714139337e-06,1.890529965082268e-09,6.161113816531325e-135,1.3372191178885645e-07,1.4751727616188141e-08,5.277508796433411e-14,1.0,2.582855426321514e-09,3.141379056017675e-15,3.793422340664059e-09,1.901963974293727e-09
CT-8.2,222,4.378582136251611e-12,4.367320513181769e-16,0.053794748940137214,1.9035221598365678e-05,5.955635563486651e-134,0.009300968121641662,0.020161687803027763,1.2221084240669086e-05,2.582855426321514e-09,1.0,6.685658687884601e-06,0.6404130470159588,0.456598481775137
CT-9,250,1.0959442807822405e-06,3.1328350321567213e-06,1.966483358108094e-07,0.0006057483222638106,3.052998379632497e-113,1.0883480880700056e-07,5.018573008570681e-08,2.316609138056862e-12,3.141379056017675e-15,6.685658687884601e-06,1.0,3.1252617184896714e-05,1.0820012160371639e-05
CT-10,203,4.255909589905325e-11,8.469661288573778e-13,0.0013863682070791837,4.590959799094255e-05,3.318650025055021e-128,0.003462175344855727,0.05659252078121293,1.098025337742774e-06,3.793422340664059e-09,0.6404130470159588,3.1252617184896714e-05,1.0,0.04518773990276239
CT-11,215,1.1996158018839094e-11,4.096911404938301e-17,0.1333900599753097,2.7752002714726215e-05,1.4628489087270204e-131,0.0213299791739196,0.021095392050485228,1.3605337889627296e-05,1.901963974293727e-09,0.456598481775137,1.0820012160371639e-05,0.04518773990276239,1.0

Kuiper Vmax
Label,n,CT-Ter-2,CT-Ter-10,CT-1,CT-2,CT-3,CT-4,CT-5,CT-6,CT-7,CT-8.2,CT-9,CT-10,CT-11
CT-Ter-2,308,0.0,0.2513642709082449,0.38268967874231025,0.2889739742329384,0.804975922953451,0.3116883116883118,0.4680589680589681,0.3541132780263214,0.5272786574156436,0.35881010881010883,0.31200000000000006,0.37639946260635915,0.3690727876774388
CT-Ter-10,307,0.2513642709082449,0.0,0.5191796674095662,0.39244974499396545,0.7868096475496834,0.4240344346207538,0.5194622263026172,0.5109975706208534,0.6597504201805662,0.4220148487249464,0.2653029315960913,0.4082572487604499,0.44870843117945614
CT-1,152,0.38268967874231025,0.5191796674095662,0.0,0.2286642902075906,0.9962546816479401,0.11628503075871505,0.3215301767933346,0.12051135363492346,0.48245614035087714,0.15706495969653855,0.2898947368421053,0.18340031112263427,0.13029375764993872
CT-2,251,0.2889739742329384,0.39244974499396545,0.2286642902075906,0.0,0.9212737066714415,0.21277228747348265,0.3645187589410697,0.2288638089781343,0.4276228419654714,0.2416101360324468,0.18584860557768917,0.2786293250642749,0.23958121004354674
CT-3,267,0.804975922953451,0.7868096475496834,0.9962546816479401,0.9212737066714415,0.0,0.9892626100491269,0.9886483594348763,0.9895657184372377,0.9817351598173516,0.978236663629922,0.9092734082397004,0.9789118281950517,0.9776500304851493
CT-4,308,0.3116883116883118,0.4240344346207538,0.11628503075871505,0.21277228747348265,0.9892626100491269,0.0,0.258950508950509,0.1101181427268384,0.4426406926406926,0.14186264186264194,0.23537662337662335,0.15785938199731292,0.13607671398369067
CT-5,259,0.4680589680589681,0.5194622263026172,0.3215301767933346,0.3645187589410697,0.9886483594348763,0.258950508950509,0.0,0.3282498934672848,0.2704289416618184,0.21750321750321752,0.3196138996138995,0.19105312208760483,0.2105055221334291
CT-6,299,0.3541132780263214,0.5109975706208534,0.12051135363492346,0.2288638089781343,0.9895657184372377,0.1101181427268384,0.3282498934672848,0.0,0.5195094760312151,0.21255536472927775,0.3136321070234114,0.24297741239270473,0.21236680407560082
CT-7,219,0.5272786574156436,0.6597504201805662,0.48245614035087714,0.4276228419654714,0.9817351598173516,0.4426406926406926,0.2704289416618184,0.5195094760312151,0.0,0.4054054054054054,0.44666666666666666,0.40065681444991785,0.3968992248062015
CT-8.2,222,0.35881010881010883,0.4220148487249464,0.15706495969653855,0.2416101360324468,0.978236663629922,0.14186264186264194,0.21750321750321752,0.21255536472927775,0.4054054054054054,0.0,0.23088288288288286,0.0708738294945192,0.07814791535721777
CT-9,250,0.31200000000000006,0.2653029315960913,0.2898947368421053,0.18584860557768917,0.9092734082397004,0.23537662337662335,0.3196138996138995,0.3136321070234114,0.44666666666666666,0.23088288288288286,0.0,0.23966502463054193,0.2374883720930233
CT-10,203,0.37639946260635915,0.4082572487604499,0.18340031112263427,0.2786293250642749,0.9789118281950517,0.15785938199731292,0.19105312208760483,0.24297741239270473,0.40065681444991785,0.0708738294945192,0.23966502463054193,0.0,0.09558941459502801
CT-11,215,0.3690727876774388,0.44870843117945614,0.13029375764993872,0.23958121004354674,0.9776500304851493,0.13607671398369067,0.2105055221334291,0.21236680407560082,0.3968992248062015,0.07814791535721777,0.2374883720930233,0.09558941459502801,0.0

Cross-correlation of kernal density estimation
Label,n,CT-Ter-2,CT-Ter-10,CT-1,CT-2,CT-3,CT-4,CT-5,CT-6,CT-7,CT-8.2,CT-9,CT-10,CT-11
CT-Ter-2,308,1.0,0.8945031927446159,0.8521697142360098,0.8539992202384636,0.024889088224062786,0.8586274298624018,0.8463123103260412,0.8468720376148076,0.8529024098954133,0.8488271627035713,0.8514337605603027,0.8474403012421401,0.848947708852389
CT-Ter-10,307,0.8945031927446159,1.0,0.9362558816554594,0.9148716546289093,0.028876991370653495,0.9321075516387218,0.948361311223914,0.9123011027890447,0.9205682257243879,0.950123446742216,0.9432590367567595,0.9533545739056972,0.9479677452818878
CT-1,152,0.8521697142360098,0.9362558816554594,1.0,0.9482446232867996,4.5951722080975905e-05,0.9983303244128823,0.9957029331052049,0.9945591027167925,0.9945444082177193,0.9965984643159818,0.9526827103867468,0.9931588120949189,0.997560705233703
CT-2,251,0.8539992202384636,0.9148716546289093,0.9482446232867996,1.0,0.002508541033998578,0.9577146143521892,0.9449958604883034,0.9535946925739893,0.9626893648408154,0.9516099092063418,0.9894331010735652,0.9385019140051462,0.9505320984682974
CT-3,267,0.024889088224062786,0.028876991370653495,4.5951722080975905e-05,0.002508541033998578,1.0,2.655836284607524e-05,5.707563690338576e-05,5.703460035056927e-05,3.3466911417790714e-05,2.384299769801783e-06,0.0018053310554274529,3.696908573593397e-05,8.061594472500815e-06
CT-4,308,0.8586274298624018,0.9321075516387218,0.9983303244128823,0.9577146143521892,2.655836284607524e-05,1.0,0.9922623366644383,0.9973738987536916,0.9978426759642505,0.9944766459701122,0.9573480280924791,0.9877908058535952,0.9946727052398119
CT-5,259,0.8463123103260412,0.948361311223914,0.9957029331052049,0.9449958604883034,5.707563690338576e-05,0.9922623366644383,1.0,0.9832878229818919,0.986817287637881,0.9992049304184879,0.9592034982992973,0.9985420926195102,0.9989163436593761
CT-6,299,0.8468720376148076,0.9123011027890447,0.9945591027167925,0.9535946925739893,5.703460035056927e-05,0.9973738987536916,0.9832878229818919,1.0,0.9984163675274756,0.9865654059997596,0.9452495281807484,0.9768863461930317,0.9874049199153334
CT-7,219,0.8529024098954133,0.9205682257243879,0.9945444082177193,0.9626893648408154,3.3466911417790714e-05,0.9978426759642505,0.986817287637881,0.9984163675274756,1.0,0.9901679330884441,0.9564843053919077,0.9801630259785562,0.9902132331687101
CT-8.2,222,0.8488271627035713,0.950123446742216,0.9965984643159818,0.9516099092063418,2.384299769801783e-06,0.9944766459701122,0.9992049304184879,0.9865654059997596,0.9901679330884441,1.0,0.963651860286425,0.9975141057376572,0.999538684875326
CT-9,250,0.8514337605603027,0.9432590367567595,0.9526827103867468,0.9894331010735652,0.0018053310554274529,0.9573480280924791,0.9592034982992973,0.9452495281807484,0.9564843053919077,0.963651860286425,1.0,0.957450533837529,0.9619071384476984
CT-10,203,0.8474403012421401,0.9533545739056972,0.9931588120949189,0.9385019140051462,3.696908573593397e-05,0.9877908058535952,0.9985420926195102,0.9768863461930317,0.9801630259785562,0.9975141057376572,0.957450533837529,1.0,0.9979537766349408
CT-11,215,0.848947708852389,0.9479677452818878,0.997560705233703,0.9505320984682974,8.061594472500815e-06,0.9946727052398119,0.9989163436593761,0.9874049199153334,0.9902132331687101,0.999538684875326,0.9619071384476984,0.9979537766349408,1.0

CT-Ter-2,308,0.0,88.85045144715394,102.82580261716123,75.0442005126047,225.2563861022969,113.77559334260378,117.11053405463565,103.34450180818247,116.39702156853222,107.0248533136698,51.52948026579544,106.07969794678893,106.3691677901978
CT-Ter-10,307,88.85045144715394,0.0,143.15193523730986,91.58022792345263,239.20974357763768,173.21773740132898,176.29257573216046,160.19809843621618,174.93844962584248,163.9653781999591,100.42185963521436,164.55638830075594,162.92295162602468
CT-1,152,102.82580261716123,143.15193523730986,0.0,91.78735871497136,274.5753986134887,85.27299056621283,85.18430441097587,61.33589474052336,84.3087266532209,73.12875694299306,80.98559682784855,70.15273352356074,70.45597576247334
CT-2,251,75.0442005126047,91.58022792345263,91.78735871497136,0.0,252.37073479110344,136.12586716906333,138.9859841364608,107.6862085037249,137.42715911984712,126.08092300851219,75.18993340379009,122.9539703875666,124.07134799275553
CT-3,267,225.2563861022969,239.20974357763768,274.5753986134887,252.37073479110344,0.0,277.95490095556704,278.61840313812826,275.59531499772584,279.3900432031292,274.7473985001567,244.54743637269885,273.8672584351393,274.57067883541623
CT-4,308,113.77559334260378,173.21773740132898,85.27299056621283,136.12586716906333,277.95490095556704,0.0,10.147892019700182,52.20514271338249,7.787558537395736,15.976362133338611,80.54170372557049,18.882619040439835,18.347181044910286
CT-5,259,117.11053405463565,176.29257573216046,85.18430441097587,138.9859841364608,278.61840313812826,10.147892019700182,0.0,51.29466293220196,5.604209189792953,16.849852511861148,85.10539321104179,19.027911164843594,18.275655806658893
CT-6,299,103.34450180818247,160.19809843621618,61.33589474052336,107.6862085037249,275.59531499772584,52.20514271338249,51.29466293220196,0.0,51.098168835479996,44.63318265608791,80.11521486769085,38.95536973305073,42.07445106601794
CT-7,219,116.39702156853222,174.93844962584248,84.3087266532209,137.42715911984712,279.3900432031292,7.787558537395736,5.604209189792953,51.098168835479996,0.0,14.775559852208396,83.23489140159275,18.010184072004286,16.59278708634589
CT-8.2,222,107.0248533136698,163.9653781999591,73.12875694299306,126.08092300851219,274.7473985001567,15.976362133338611,16.849852511861148,44.63318265608791,14.775559852208396,0.0,73.77404590785835,13.064165641824943,5.794544439703297
CT-9,250,51.52948026579544,100.42185963521436,80.98559682784855,75.18993340379009,244.54743637269885,80.54170372557049,85.10539321104179,80.11521486769085,83.23489140159275,73.77404590785835,0.0,73.70969725433537,73.11092488919606
CT-10,203,106.07969794678893,164.55638830075594,70.15273352356074,122.9539703875666,273.8672584351393,18.882619040439835,19.027911164843594,38.95536973305073,18.010184072004286,13.064165641824943,73.70969725433537,0.0,10.501265434006342
CT-11,215,106.3691677901978,162.92295162602468,70.45597576247334,124.07134799275553,274.57067883541623,18.347181044910286,18.275655806658893,42.07445106601794,16.59278708634589,5.794544439703297,73.11092488919606,10.501265434006342,0.0
